0,0.000073,0.250653,0.000004,0.634868,0.998743
1,0.000303,0.106682,0.010575,0.999952,0.000281
2,0.000002,0.993373,0.000002,0.000053,0.000178
3,0.000200,1.000000,0.385932,0.999999,0.013717
4,0.000003,0.002966,0.000453,0.044558,0.000099
5,0.999999,0.000404,0.005375,0.997397,0.009219
6,0.547317,0.926144,0.214777,0.145353,1.000000
7,0.999972,0.000000,1.000000,0.999852,0.000000
8,0.131186,0.002648,0.000735,0.003325,1.000000
9,0.000000,0.999590,0.000000,0.000004,0.998307
10,0.745501,0.231115,0.999985,0.997678,0.001052
11,0.998375,0.999999,0.004106,0.968713,0.000248
12,0.000474,0.000002,0.628531,0.999995,0.961635
13,0.000000,0.000145,0.000000,0.000002,0.000284
14,0.844246,0.000000,0.980210,0.999998,0.000006
15,0.964677,0.999981,0.994952,1.000000,0.005764
16,0.000891,0.999242,0.000047,0.432519,0.000045
17,0.999858,0.012692,0.999545,0.997644,0.025900
18,0.082159,0.995986,0.001946,0.161149,0.999816
19,0.096965,0.000462,0.000015,0.016177,0.999998
20,0.000002,1.000000,0.000744,0.014259,0.995311
21,0.999999,0.999122,0.999987,0.000276,0.928931
22,0.000002,1.000000,0.000744,0.014259,0.995311
23,1.000000,0.015561,0.672829,0.037303,0.000026
24,0.999999,0.000015,0.999822,0.752922,0.000023
25,0.000000,0.916548,0.093052,0.000087,0.554041
26,0.995230,1.000000,0.999998,0.007661,0.377606
27,0.000176,0.999552,0.000000,0.971592,0.999293
28,0.034249,0.000318,0.000006,0.020950,1.000000
29,0.000009,0.000802,0.000000,0.160396,1.000000
30,0.925334,0.000000,0.999971,0.914509,0.000007
31,0.000000,1.000000,0.000000,0.000003,1.000000
32,0.000000,0.000000,0.017645,0.000131,0.999950
33,0.999999,0.009115,0.999047,0.999009,0.983815
34,0.000819,0.000000,0.999287,0.000238,0.000002
35,0.996532,0.000024,0.812347,0.005425,0.004346
36,0.000000,1.000000,0.000000,0.000000,0.999818
37,0.992161,1.000000,0.999972,0.000209,0.308579
38,0.999999,0.089066,0.999999,0.000002,0.000005
39,0.999808,0.001349,0.000001,0.966076,1.000000
40,0.000000,0.999831,0.000000,0.000036,0.000263
41,1.000000,0.969544,0.999853,0.134670,0.979887
42,0.000000,0.003571,0.000023,0.000401,0.999999
43,0.704002,0.998959,0.999248,0.999959,0.001733
44,1.000000,0.999998,1.000000,0.916312,1.000000
45,0.002271,0.997633,0.027991,0.999998,0.239484
46,0.985482,0.000006,0.997708,0.999828,0.895071
47,0.999999,0.732915,0.004877,0.000003,0.000000
48,0.615890,0.992515,0.072013,1.000000,0.999442
49,0.000000,0.999993,0.021585,0.007808,1.000000
50,0.001540,0.999901,0.999998,0.039751,0.996875
51,0.000001,0.987248,0.996113,0.998956,0.000003
52,0.998839,0.999647,0.656593,0.998351,0.959780
53,0.999968,0.587630,0.999606,0.999329,0.999387
54,0.997873,0.021170,0.999341,0.000009,0.952318
55,0.162246,0.000026,0.000009,0.080608,0.000041
56,0.999997,0.000035,0.303336,0.001231,0.937515
57,0.000000,0.983547,0.000015,0.306006,0.001307
58,0.000252,1.000000,0.024669,0.000262,0.981433
59,1.000000,0.000127,0.039950,0.006986,0.036466
60,0.000391,0.000065,0.073789,0.910699,0.000582
61,0.214468,0.000143,0.973174,0.999995,0.000101
62,0.999997,0.994360,0.991768,0.000008,0.966967
63,0.000000,0.756678,0.000136,0.000389,0.984948
64,0.000170,1.000000,0.000047,0.000006,0.999996
65,0.999988,0.246855,0.999871,0.053400,0.001418
66,1.000000,0.004979,0.983986,0.909442,0.906573
67,0.000000,1.000000,0.109709,0.000003,0.997009
68,0.000000,1.000000,0.000000,0.000001,0.998853
69,0.005272,0.000000,0.825381,0.193895,0.004622
70,1.000000,0.000936,0.986954,0.999826,0.999936
71,0.996506,0.023341,0.999979,0.000729,0.938084
72,1.000000,0.000000,1.000000,0.073741,0.129076
73,0.999767,0.000000,1.000000,0.727654,0.999199
74,0.403533,0.041552,0.999987,0.999999,0.000467
75,0.003131,0.009070,0.000004,0.967307,1.000000
76,0.000000,0.000154,0.000000,0.118547,1.000000
77,0.000000,0.959319,0.183044,0.996846,0.002514
78,0.000000,0.749406,0.401001,0.819803,0.999958
79,0.000000,1.000000,0.000000,0.000004,0.999994
80,0.000101,1.000000,0.000062,0.000822,0.999274
81,0.000008,1.000000,0.000000,0.000006,0.999596
82,1.000000,0.999923,0.999988,0.000000,1.000000
83,1.000000,0.999495,1.000000,0.000001,0.979561
84,0.996394,0.000255,0.981996,0.987207,0.987416
85,1.000000,0.999967,0.999998,0.562203,0.926260
86,1.000000,0.000005,0.945030,0.000277,0.000054
87,0.999998,0.997955,1.000000,0.687128,0.999990
88,1.000000,1.000000,1.000000,0.000016,1.000000
89,1.000000,0.000004,1.000000,0.033471,0.418442
90,0.544310,0.000135,0.003370,0.985565,0.987321
91,0.999994,0.998633,1.000000,0.998060,0.983418
92,0.999992,0.000007,0.998513,1.000000,0.739168
93,1.000000,0.075840,0.467200,0.997783,0.000010
94,0.000000,0.148282,0.000007,0.252737,0.999987
95,0.999997,0.001272,0.999967,0.285711,0.000052
96,0.999365,0.999994,0.999999,0.954732,0.998528
97,0.015370,1.000000,0.999997,0.677443,0.257904
98,1.000000,0.000000,0.000058,0.019318,0.000046
99,0.999922,0.000001,0.870987,0.234198,0.006510
100,1.000000,0.975451,0.999988,0.000100,0.899329
101,0.000327,0.997124,0.999982,0.861007,0.000020
102,0.000002,1.000000,0.999809,0.028673,0.000043
103,0.999980,1.000000,0.997514,0.679235,0.999997
104,0.999999,0.913633,0.999383,0.995462,0.995269
105,0.999968,1.000000,0.999995,0.003911,0.986816
106,0.008915,0.015298,1.000000,0.000036,0.975035
107,0.129442,0.876223,0.000009,0.000004,0.985810
108,0.011660,0.000001,0.999936,0.999994,0.211210
109,0.999895,0.049638,0.999999,0.001199,0.000004
110,0.000003,0.000000,0.838835,0.000124,0.000056
111,1.000000,0.000000,0.033888,0.999991,0.000002
112,1.000000,1.000000,0.977954,0.000016,0.999971
113,0.000000,1.000000,0.000000,0.000000,0.989894
114,0.999998,0.999999,0.214994,0.996683,0.981094
115,1.000000,0.999941,0.999998,0.995383,0.999200
116,0.000000,0.994614,0.800721,0.000000,0.996397
117,0.006170,0.999990,0.650100,0.999964,0.996041
118,1.000000,0.008789,0.964903,0.002389,0.007322
119,0.000001,0.952030,0.002781,0.000001,0.000005
120,0.000011,0.000001,0.347564,0.374189,0.000011
121,0.943474,0.987515,0.999998,0.996025,0.006434
122,0.172852,0.000000,0.306913,0.885438,0.039575
123,1.000000,0.999887,0.999984,0.327021,0.944250
124,0.959336,0.000029,1.000000,0.416277,0.000157
125,1.000000,0.994850,0.981662,0.897270,0.999263
126,0.004095,0.000001,0.988426,0.624583,0.000001
127,0.001638,0.999997,0.996153,0.483373,0.000530
128,0.999999,0.000785,0.547891,0.002416,0.999994
129,0.999506,0.999961,0.998757,0.835512,0.468946
130,0.000054,0.099883,0.000037,0.208830,0.940637
131,0.899398,0.999843,0.991159,0.001026,0.000170
132,0.050697,0.999994,0.999964,0.999851,0.994011
133,0.007804,0.999942,0.000000,0.009791,1.000000
134,0.999983,0.999846,0.983272,0.354667,0.460498
135,0.999971,0.999999,0.093339,0.000560,0.102856
136,0.999975,0.999999,0.999998,0.123696,0.043296
137,0.999678,1.000000,0.999984,0.010089,0.557549
138,0.963736,0.027595,0.864722,0.999203,0.851482
139,0.019980,1.000000,0.999989,0.791631,0.977117
140,0.009132,1.000000,0.999784,0.000159,0.679480
141,0.999817,0.000000,0.870527,0.000153,0.014693
142,0.999999,0.001310,0.993440,0.462282,0.000299
143,0.069934,0.999987,0.967640,0.547232,0.999990
144,1.000000,0.000093,0.999991,0.999574,1.000000
145,0.000001,0.000000,0.000419,0.003472,0.000000
146,0.000000,0.999987,0.007631,0.999999,0.610577
147,1.000000,0.982095,0.000051,0.999959,1.000000
148,0.999989,0.999121,1.000000,0.004382,0.999554
149,1.000000,0.720457,0.999233,0.999014,0.000000
150,0.999999,0.000814,0.999998,1.000000,0.211207
151,0.844481,0.462737,0.999991,0.783319,0.021848
152,1.000000,0.003780,0.000529,0.999999,0.000001
153,0.085993,0.788222,0.996197,0.000191,0.019316
154,0.999987,0.000005,0.998941,0.001011,0.998022
155,0.906190,0.000000,0.000411,0.000047,1.000000
156,0.000451,0.846635,0.999659,0.999877,0.000208
157,0.000018,0.000127,0.999992,0.008555,0.000008
158,0.000182,0.410270,0.019476,0.873182,0.998931
159,0.941304,0.000000,0.825740,0.000013,0.003099
160,0.000005,1.000000,0.000000,0.000000,0.999694
161,0.000000,1.000000,0.000000,0.000000,0.999544
162,0.295547,0.999999,0.999998,0.996964,0.914700
163,0.999055,1.000000,0.999996,0.997652,0.992118
164,1.000000,1.000000,0.999999,0.993728,0.856091
165,0.999998,1.000000,0.999555,0.718593,0.989914
166,0.000000,0.974820,0.000025,0.998346,0.992317
167,0.021557,0.000004,0.614163,0.659967,0.999980
168,0.000000,0.000000,0.933015,0.000923,0.592780
169,0.038888,0.000000,0.999037,0.011578,0.000060
170,0.999999,0.000012,0.001255,0.000006,0.000000
171,1.000000,0.000025,1.000000,0.000002,0.879941
172,0.999992,0.999989,0.999024,0.019044,1.000000
173,0.000000,0.005185,0.260762,0.000021,0.001340
174,0.999992,0.999984,0.999624,0.000270,0.999999
175,0.999983,0.985159,0.995801,0.999951,0.995012
176,0.999999,0.000021,0.016442,0.999001,0.999881
177,0.993790,0.999999,0.000103,0.000001,0.999757
178,0.999708,0.999975,0.999974,0.000301,1.000000
179,0.998998,0.014656,0.000005,0.999373,0.993407
180,1.000000,0.002144,0.166942,0.002849,0.997331
181,0.999997,0.000000,0.999959,0.000083,0.991247
182,0.004491,0.000000,0.997460,0.996330,0.000015
183,0.076507,1.000000,0.999997,0.001649,0.000018
184,0.005950,0.999886,0.999981,0.000002,0.840853
185,0.996571,0.000000,0.000004,0.999999,0.000882
186,1.000000,0.852903,0.999017,0.146935,0.990038
187,1.000000,0.736224,0.992928,0.004718,0.999974
188,0.645152,0.999999,0.000000,0.000000,0.478060
189,0.000826,0.999842,0.014748,0.992272,0.908483
190,0.036189,0.000000,0.000184,0.001672,0.194214
191,0.462871,0.000077,0.000250,0.999999,0.467166
192,0.973479,0.014711,0.980532,0.000098,0.000087
193,0.258822,0.980648,0.000001,0.002292,0.999997
194,0.000100,0.000000,0.007919,0.491372,0.370457
195,0.000009,0.000000,0.000186,0.000003,0.004884
196,0.006253,0.020987,0.040151,0.999905,0.706447
197,1.000000,0.999999,1.000000,0.993165,0.998678
198,0.998521,0.000008,0.000070,0.999922,0.996219
199,0.999939,0.995624,0.999998,0.999989,0.000081
200,0.000060,0.004422,0.000050,0.999994,0.004556
201,0.993126,0.000013,0.000317,0.999997,0.998376
202,0.000001,0.999999,0.000000,0.000045,0.997542
203,0.000561,0.999961,0.000000,0.998980,0.997845
204,0.002662,1.000000,0.000000,0.005055,0.999928
205,0.000001,0.999999,0.055084,0.000505,0.999908
206,0.000002,0.035737,0.000073,0.999336,0.999982
207,0.001266,0.999831,0.044891,0.998835,0.548487
208,0.000001,0.000052,0.000014,0.000879,0.999976
209,0.000296,1.000000,0.024454,0.000001,0.000256
210,0.000018,1.000000,0.881535,0.000004,0.906933
211,0.000000,1.000000,0.003988,0.014334,0.000903
212,0.000103,0.000009,0.959237,0.040354,0.000013
213,1.000000,0.993522,0.833434,0.999998,0.005197
214,0.000000,0.906444,0.000000,0.000707,0.999995
215,0.999860,0.002056,0.999957,0.999991,0.995303
216,0.000000,0.919794,0.000001,0.999217,0.000006
217,0.540326,0.000012,0.000005,0.999779,0.000045
218,1.000000,0.967427,0.999996,0.000004,0.999999
219,0.000018,0.994851,0.013707,0.995386,0.993627
220,0.000174,0.999986,0.000000,0.000000,0.055101
221,0.001922,0.999927,0.000000,0.000006,0.773867
222,0.348465,0.994629,0.991557,0.084264,0.080040
223,0.010451,0.998724,0.001492,0.999540,0.867905
224,0.190613,0.856289,0.082212,1.000000,0.000563
225,0.000000,0.022438,0.000003,0.000078,0.000386
226,1.000000,0.000000,0.976944,1.000000,0.929565
227,1.000000,0.999999,0.999991,0.996560,0.491357
228,0.000000,0.870556,0.000000,0.000270,0.018430
229,1.000000,0.000000,0.918131,1.000000,0.122377
230,0.997291,0.409536,1.000000,1.000000,0.000023
231,0.999091,0.000047,0.984807,0.999999,0.033683
232,0.000000,0.000001,0.935498,0.003802,0.000008
233,0.000051,0.001644,0.999166,0.999996,0.072623
234,0.005271,0.000003,0.984085,0.417027,0.013618
235,0.000000,0.000002,0.027522,1.000000,0.000227
236,0.000041,0.023259,0.001218,0.243762,1.000000
237,0.000103,0.000504,0.001214,1.000000,0.000009
238,0.000035,0.150427,0.001228,1.000000,0.021602
239,1.000000,0.000000,0.997750,0.999999,0.000548
240,1.000000,0.185661,1.000000,0.997551,0.000971
241,0.999972,0.999998,0.188889,0.002578,0.002142
242,0.000000,1.000000,0.000102,0.126858,0.000229
243,0.999375,0.000002,0.999984,0.999866,0.968187
244,0.999996,0.122935,0.987445,0.288477,0.991186
245,0.000001,0.999916,0.998478,0.999994,0.000001
246,0.009352,0.999336,0.999297,0.140308,0.000002
247,0.000001,0.000022,0.025558,0.999272,0.000845
248,1.000000,0.000021,0.996394,0.999996,0.000070
249,0.000000,0.270410,0.000001,0.976144,0.999260
250,0.021784,0.472198,0.995944,0.999548,0.000060
251,0.000000,0.000000,0.974512,0.999925,0.012475
252,0.000000,0.999999,0.927248,0.999999,0.999318
253,0.907836,0.999866,0.999910,0.999972,0.011416
254,0.013059,0.999983,0.001504,0.999989,0.999992
255,0.000000,0.958007,0.863960,0.999996,0.000418
256,0.000998,0.997783,0.988522,0.005603,0.147806
257,0.024786,0.988460,0.989635,0.578657,0.000180
258,0.000000,0.982999,0.000690,0.001447,0.996648
259,0.000061,0.000020,0.999873,0.999885,1.000000
260,0.000061,0.000020,0.999873,0.999885,1.000000
261,0.744528,0.925532,0.755643,0.050249,0.096209
262,1.000000,0.000000,0.998893,0.899233,0.000563
263,0.999995,0.000000,0.999955,0.999917,0.011331
264,0.000002,1.000000,0.995172,0.000936,0.997274
265,0.000854,0.832482,0.931128,0.055472,0.000018
266,0.999932,0.177775,0.999997,0.999078,0.999954
267,0.146188,0.658702,0.999982,0.000287,0.000005
268,1.000000,0.249326,0.023390,0.852880,0.953125
269,0.997585,0.999843,0.000016,0.000000,0.008006
270,0.549972,1.000000,0.054175,0.001083,0.998472
271,1.000000,0.002340,0.986023,0.000000,0.997493
272,0.027866,0.973857,0.999937,0.999990,0.072969
273,0.000078,0.992312,0.968362,0.717505,0.999735
274,0.000078,0.992312,0.968362,0.717505,0.999735
275,0.000048,0.000003,0.006626,0.238158,0.155890
276,1.000000,0.000000,0.996091,1.000000,0.892977
277,0.000209,1.000000,0.109218,0.000037,0.006108
278,0.000209,1.000000,0.109218,0.000037,0.006108
279,0.000001,1.000000,0.000008,0.000008,0.818872
280,0.000000,0.000000,0.000000,0.000000,0.999983
281,0.602532,0.002562,0.999801,1.000000,0.918502
282,0.132361,0.000006,0.648678,0.000009,0.994525
283,0.999918,0.999998,0.999886,0.144709,0.964672
284,0.883224,0.999182,0.999645,0.000985,0.000010
285,0.999979,0.000004,0.999991,1.000000,0.044542
286,0.642563,0.000000,0.998063,0.999953,0.733033
287,0.001002,0.000005,0.000209,0.000001,0.999315
288,0.399820,0.999999,0.001583,0.014229,0.999983
289,1.000000,0.999995,0.999999,0.213602,0.813725
290,0.001946,0.999996,0.972405,0.999937,0.977466
291,1.000000,0.000825,0.999935,1.000000,0.932102
292,0.999994,0.001672,0.997913,1.000000,0.990753
293,0.999998,0.999998,0.999794,0.134573,0.997778
294,0.002779,0.609815,0.999974,0.999936,0.999846
295,0.000021,0.999932,0.016881,0.553738,1.000000
296,0.000000,0.035057,0.008369,0.999998,0.000143
297,0.999998,0.077330,0.999535,0.000089,0.004428
298,0.856094,0.000007,0.996316,0.000055,0.000947
299,0.000000,1.000000,0.000000,0.104596,1.000000
300,0.855518,0.999906,0.999870,0.290168,0.003401
301,0.964512,0.989539,0.999126,0.999892,0.978827
302,0.026200,0.000000,0.999998,0.001917,0.000059
303,0.000001,0.456960,0.973258,0.000461,0.994227
304,0.000005,0.999971,0.916434,0.057095,0.895637
305,0.000000,1.000000,0.204032,0.050057,0.999968
306,0.291982,0.999989,1.000000,0.616949,0.999999
307,0.934176,0.077172,0.999996,0.000045,0.000000
308,0.999877,0.999981,0.999884,0.811845,0.032558
309,1.000000,0.999224,0.999999,0.052342,0.104948
310,0.852454,0.000500,0.993314,1.000000,0.588008
311,0.999630,0.000000,0.369549,0.000000,0.000001
312,0.000011,0.066967,0.058662,0.000809,0.397148
313,0.000000,0.999941,0.000000,0.000000,0.000753
314,0.000005,1.000000,0.000000,0.999945,0.000009
315,0.999957,0.000103,0.000009,0.999925,0.739332
316,0.000841,0.013364,0.000225,0.999936,0.004652
317,0.000000,0.000000,0.000000,0.000816,1.000000
318,0.642776,0.993918,0.450502,0.999999,0.002517
319,0.999874,1.000000,0.998419,0.000209,0.999994
320,0.000000,1.000000,0.998486,0.000000,0.995370
321,0.000000,1.000000,0.998486,0.000000,0.995370
322,0.000002,0.000009,0.000064,0.100192,0.087911
323,1.000000,0.996449,1.000000,0.009387,0.504093
324,0.000001,0.999771,0.001258,0.999994,0.989561
325,0.000618,1.000000,0.948165,0.000000,0.994120
326,0.831744,0.000000,0.999452,0.999966,0.999842
327,0.000000,1.000000,0.008106,0.000004,0.400269
328,1.000000,0.000000,1.000000,0.001190,0.000003
329,0.000003,1.000000,0.000000,0.999957,0.000001
330,0.998996,0.451507,0.996263,0.000053,0.000000
331,0.929422,1.000000,0.999816,0.999428,0.988692
332,0.073548,0.486314,0.025776,1.000000,0.906678
333,1.000000,0.993467,0.999977,0.005199,0.971472
334,1.000000,0.006049,0.000000,0.000000,0.000007
335,0.001477,0.999999,0.000153,0.227503,1.000000
336,0.999915,0.382813,0.999999,1.000000,0.999802
337,0.905593,0.932871,0.993755,0.999915,0.065794
338,0.000475,0.012006,0.822511,0.999997,0.998826
339,1.000000,0.999999,0.000010,0.857598,0.876056
340,0.998375,0.000000,0.009677,0.013529,0.539128
341,0.982890,0.000001,0.001553,0.000931,0.607956
342,0.999990,0.000000,0.000015,0.495776,1.000000
343,0.007687,0.000588,0.990640,0.030986,0.000005
344,0.999992,0.951813,0.011500,0.829421,0.000171
345,0.183001,0.000000,0.999972,0.000051,0.890846
346,0.002067,0.999980,0.018453,0.999873,0.999977
347,0.966107,0.197896,1.000000,1.000000,0.002954
348,0.976266,0.000000,0.000000,0.984005,0.978052
349,1.000000,0.000000,0.996553,0.000002,0.000363
350,0.024603,0.000000,0.998175,0.898756,0.008427
351,0.761514,0.000385,0.926695,0.000001,0.230557
352,0.000000,1.000000,0.000000,0.000000,1.000000
353,0.188815,0.998343,1.000000,0.001096,0.000004
354,0.970945,0.999988,0.680501,0.000000,0.997915
355,0.044519,0.998496,1.000000,0.000221,0.000008
356,0.999988,1.000000,0.999956,0.005102,0.961074
357,0.997114,0.267077,0.999860,0.993921,0.954092
358,1.000000,0.000000,0.000014,1.000000,0.713545
359,0.000003,0.000089,0.000020,0.028528,0.999077
360,0.404321,0.000988,0.973632,0.921390,0.289093
361,0.000398,0.000000,0.812883,0.904283,0.017242
362,0.075261,0.000000,0.003707,0.997714,0.000000
363,0.999902,0.473700,0.619570,0.004073,0.000105
364,0.000319,1.000000,0.000000,0.149340,0.000067
365,0.000004,0.994191,0.000025,0.000248,0.999999
366,0.000000,0.000000,0.000000,0.476348,0.000162
367,1.000000,0.001301,0.999989,0.001389,0.000061
368,0.023390,0.999999,0.000000,0.998135,0.002777
369,0.999971,0.076002,0.999982,0.999839,0.017594
370,0.999996,0.000017,1.000000,0.284656,0.000023
371,0.000929,0.598333,0.825759,0.999987,0.028475
372,0.005102,0.000000,0.000098,0.000371,0.005249
373,0.999983,0.000000,0.999999,0.812018,0.992546
374,0.999999,0.000005,0.888181,0.000009,0.992381
375,0.314546,0.995561,0.000301,0.637551,0.970835
376,0.664801,1.000000,0.000375,0.000501,0.001863
377,1.000000,0.000748,1.000000,0.999998,0.000131
378,0.000000,0.000000,0.000001,0.000000,0.000174
379,0.977865,0.209027,0.003677,0.999996,0.999919
380,0.977865,0.209027,0.003677,0.999996,0.999919
381,0.000149,0.528032,0.000000,0.000000,0.993709
382,0.879476,0.998594,0.999985,1.000000,0.939872
383,0.999963,0.000000,0.008492,0.022259,0.000003
384,0.754670,0.019723,0.999790,0.000249,0.644973
385,0.000397,0.000016,0.002944,0.000003,0.002650
386,1.000000,0.999661,1.000000,0.887887,0.999968
387,0.000110,0.026519,0.076382,0.940483,0.007550
388,0.997953,0.997295,0.995814,0.999675,0.998965
389,0.000004,0.998013,0.000002,0.000046,0.000210
390,1.000000,0.727316,0.999988,0.000668,0.000012
391,0.999562,0.000964,0.991832,1.000000,0.013892
392,0.000001,0.025491,0.000260,0.020367,0.932005
393,0.999931,0.999254,0.788801,0.000365,0.999613
394,0.093659,0.003358,0.000000,0.000001,0.996435
395,0.000000,0.999989,0.000015,0.999662,0.999997
396,0.604069,1.000000,0.000000,0.000101,1.000000
397,1.000000,0.000187,0.203483,0.999671,0.002790
398,0.020998,0.000840,0.000695,0.000017,0.001646
399,0.999996,0.998174,1.000000,0.000256,0.000120
400,0.675393,0.124206,0.999846,0.810063,0.994019
401,0.000000,0.999992,0.993004,0.977795,0.000012
402,0.003900,1.000000,0.999970,0.995852,0.969054
403,0.999435,0.000000,0.999993,0.000003,0.000001
404,1.000000,1.000000,0.997038,0.000005,0.926939
405,0.001522,0.000000,0.218790,0.000234,0.011503
406,0.999998,0.976278,0.027583,0.712833,0.000015
407,0.971968,0.000000,0.000011,0.999863,1.000000
408,0.889287,0.304881,0.999682,0.999996,0.020341
409,1.000000,0.002935,1.000000,0.918835,0.000019
410,0.999608,0.000000,0.000044,0.987585,0.999999
411,0.999999,0.705033,0.783610,0.000717,0.000000
412,0.000000,0.999965,0.000000,0.000001,0.999996
413,1.000000,0.000000,0.999995,0.000115,0.995707
414,0.000620,0.000005,0.000069,0.609404,0.004953
415,0.770833,0.998777,0.999308,0.999986,0.024420
416,1.000000,0.000026,0.998971,0.971915,0.999988
417,0.999438,0.000001,0.999565,0.999980,0.680964
418,0.999973,0.997660,0.999944,0.055275,0.005033
419,0.991961,0.999933,0.997895,0.996243,0.924394
420,0.980799,0.978442,0.000445,0.000030,0.019599
421,0.999998,0.191600,0.003489,0.998677,0.999027
422,0.009751,0.005922,0.996364,0.867138,0.286002
423,0.000000,0.000000,0.000000,0.999864,0.996882
424,0.999925,0.001548,0.999994,0.998850,0.000001
425,0.001087,0.021676,0.235809,0.000358,0.999863
426,0.443848,1.000000,0.999543,0.999971,0.199290
427,0.956716,0.000001,0.550498,0.999987,0.999959
428,0.000000,1.000000,0.962544,0.143589,0.999973
429,0.999025,0.991334,0.999998,0.999963,0.560202
430,0.000000,0.964822,0.657112,0.142402,0.001276
431,0.999559,0.000000,0.997768,0.129259,0.000162
432,1.000000,0.000000,0.999515,0.999357,0.974356
433,0.999998,0.991065,0.999972,0.746716,0.000628
434,1.000000,0.000321,0.999998,0.000080,1.000000
435,0.999952,0.999415,0.997314,0.999802,0.979389
436,0.999077,0.000002,0.000048,0.998208,0.860280
437,0.000000,0.612865,0.000000,0.000001,0.000273
438,1.000000,0.000001,0.999974,0.999478,0.000390
439,1.000000,0.000010,0.999996,0.000002,0.746036
440,0.046599,0.999999,0.424206,0.742305,0.991031
441,0.000000,0.000019,0.995100,0.000164,0.045744
442,0.002138,0.000048,0.557082,0.000209,0.000075
443,0.999965,1.000000,0.004967,0.000003,0.973253
444,1.000000,0.000000,1.000000,0.005523,0.989223
445,0.002125,1.000000,0.000000,0.000000,0.999949
446,0.999999,0.000385,1.000000,1.000000,0.999813
447,0.033949,1.000000,0.000000,0.000000,0.999990
448,0.002394,0.852771,0.033618,0.993605,0.996773
449,1.000000,0.000000,0.999993,0.000042,0.999608
450,1.000000,0.000184,0.999999,0.999926,0.000009
451,1.000000,0.000000,0.003595,0.000047,0.999998
452,1.000000,0.999554,0.832804,0.114473,1.000000
453,0.000007,0.004537,0.000719,0.000014,0.009602
454,0.883012,0.999929,0.020285,0.999993,0.000010
455,0.172702,0.999972,0.999994,0.999986,0.829542
456,0.999971,0.999906,0.403550,0.999995,0.999403
457,0.952568,1.000000,0.979248,0.203220,0.832246
458,0.999989,0.000075,0.989089,0.098065,0.028060
459,1.000000,0.000085,1.000000,1.000000,0.000246
460,0.999711,0.835843,0.963776,0.999915,0.997776
461,0.999711,0.835843,0.963776,0.999915,0.997776
462,0.000056,0.000000,0.000128,0.000024,0.995063
463,0.023514,0.999619,0.000012,0.999996,0.999979
464,0.000000,0.946962,0.000001,0.001557,0.068172
465,0.998283,0.019437,0.000286,0.000005,0.003839
466,0.999997,0.000000,0.002575,0.438741,0.000002
467,0.001573,0.033238,0.964870,0.999920,0.225070
468,0.971640,0.999748,0.027154,0.008709,0.999990
469,0.979027,0.620021,0.998580,0.948660,0.804833
470,0.251983,0.000060,0.953468,0.884911,0.192983
471,1.000000,0.047862,1.000000,0.999997,0.000126
472,0.999244,0.999327,0.003974,1.000000,0.999995
473,0.999739,0.987939,0.216659,0.000001,0.999500
474,1.000000,0.000000,0.553467,0.013531,0.974818
475,0.908366,0.183451,0.999996,0.998140,0.998015
476,0.999996,0.000001,0.997585,0.019307,0.000951
477,1.000000,0.000002,0.924344,0.000912,0.001191
478,1.000000,0.000561,0.062454,0.000000,0.000940
479,1.000000,0.000000,1.000000,0.999985,0.073051
480,1.000000,0.765882,0.990416,0.999982,0.004754
481,0.969849,1.000000,0.026619,0.996796,0.999700
482,0.003297,0.991954,0.999560,0.999999,0.999964
483,0.945640,0.999993,0.999999,0.189143,0.996158
484,0.998856,0.968056,0.932054,0.000032,0.329651
485,0.001018,0.982884,0.428127,0.122160,0.002769
486,0.853547,0.999995,0.000363,0.000003,0.986991
487,0.999997,0.335364,0.000013,0.001605,0.999975
488,0.022184,1.000000,0.000084,0.764279,0.999999
489,0.775411,1.000000,0.001005,0.000002,0.999918
490,1.000000,1.000000,0.046412,0.000204,0.196987
491,0.999995,1.000000,1.000000,0.956234,0.992237
492,1.000000,0.000331,0.999999,0.201358,0.998045
493,0.759111,0.999998,0.725679,0.000122,0.676242
494,0.000020,0.952993,0.997733,0.992751,0.563800
495,0.965408,0.999999,0.002901,0.987130,0.155419
496,0.999989,0.026171,0.999967,0.996629,0.090828
497,1.000000,0.001490,0.999969,0.222298,0.999996
498,1.000000,0.915360,1.000000,0.999927,0.985294
499,0.000000,0.999998,0.000000,0.003100,1.000000
500,0.000001,0.000004,0.382707,0.980170,0.999973
501,0.999970,0.998920,0.001297,0.523563,0.107385
502,1.000000,0.221678,0.999999,0.998914,0.992298
503,0.106347,0.999945,0.661162,0.999973,0.899012
504,0.000006,0.000000,0.000000,0.000102,0.000022
505,0.178518,0.000007,0.000000,0.997306,0.176201
506,0.812202,0.057723,0.156200,0.517827,0.095268
507,0.996554,0.000064,0.988191,0.019259,0.659846
508,0.896734,0.000000,0.864630,0.000109,0.625632
509,0.999998,0.000288,0.999634,0.366626,0.000712
510,0.999980,0.957358,0.999940,0.000002,0.000125
511,1.000000,0.000035,0.999995,0.999812,0.004575
512,0.000000,1.000000,0.008037,0.000016,1.000000
513,0.972576,0.000003,0.899581,0.432932,0.914567
514,1.000000,0.595010,0.982721,0.999763,0.904543
515,0.987951,0.005542,0.000033,0.990976,0.425036
516,0.000003,1.000000,0.000001,0.003302,0.999938
517,0.000000,0.000054,0.999996,0.999930,0.028171
518,0.999988,0.993542,1.000000,0.304364,0.002448
519,0.000000,0.002444,0.071217,0.868717,0.000000
520,1.000000,0.994034,1.000000,0.999991,0.000578
521,1.000000,0.007551,1.000000,0.000005,0.931928
522,1.000000,0.000018,0.999999,0.999994,0.000001
523,0.046211,0.999960,0.999639,0.799483,0.960694
524,0.000093,0.999993,0.988833,0.000078,0.999989
525,1.000000,0.000000,0.564916,0.099311,0.371979
526,1.000000,0.999999,0.993394,0.000028,0.997756
527,0.999999,0.999931,0.993376,0.999999,0.313681
528,0.978730,0.235172,0.999294,0.958898,0.999058
529,0.000689,0.760361,0.740041,0.999999,0.124948
530,0.999992,0.000000,0.777342,0.001001,0.975935
531,0.999996,0.000000,1.000000,1.000000,0.000003
532,0.999998,0.000000,0.946432,0.999707,0.961047
533,0.997391,0.801310,0.000007,0.001918,0.999988
534,0.929068,0.000000,0.000126,0.000000,0.000036
535,0.999284,0.999999,0.000000,0.999998,0.001828
536,1.000000,0.000000,0.018101,0.983821,0.001997
537,0.110661,1.000000,0.000000,0.993412,0.999771
538,1.000000,0.000000,0.999995,0.956088,0.309064
539,0.000001,0.399484,0.000031,0.000001,0.999399
540,1.000000,0.000000,0.000534,0.999931,0.000712
541,1.000000,0.000000,0.929779,0.991060,0.000009
542,0.968022,1.000000,0.937824,0.999935,0.666473
543,0.999998,0.000032,0.999954,0.999948,0.001982
544,0.101631,0.840838,0.696080,0.998665,0.056819
545,1.000000,1.000000,0.246006,0.711335,0.999978
546,0.983763,0.037304,0.997330,0.998401,0.999984
547,0.999978,0.000002,0.999925,0.004379,0.999999
548,0.999989,1.000000,0.999996,0.923345,0.135334
549,0.000000,1.000000,0.000000,0.000131,0.949213
550,0.000000,1.000000,0.000001,0.000004,0.900219
551,0.000000,1.000000,0.000000,0.000002,0.995912
552,0.998453,0.000000,0.990549,0.999897,0.006130
553,0.999835,0.007762,0.217250,0.997866,0.998977
554,0.369335,0.999869,0.843477,0.000001,0.877083
555,1.000000,0.998260,1.000000,0.012133,0.999358
556,0.211007,0.000000,0.254220,0.999712,0.000060
557,0.000000,0.965162,0.000002,0.992787,0.006748
558,0.000000,0.996830,0.880657,0.739119,0.991314
559,0.000000,0.996830,0.880657,0.739119,0.991314
560,0.000043,0.706599,0.043523,0.000000,1.000000
561,0.999981,0.999106,0.976509,1.000000,0.001401
562,0.000553,0.353504,0.926566,0.000570,0.999246
563,0.000000,0.005633,0.000029,0.999935,0.969950
564,0.000559,0.902206,0.930956,0.006358,0.999252
565,0.295733,0.995490,0.999598,0.999977,0.917433
566,0.000000,1.000000,0.972361,0.999831,0.201855
567,0.975706,0.954757,0.999920,0.999990,0.864698
568,0.998638,0.002470,0.000003,0.000008,0.000002
569,0.131118,0.017098,0.995844,0.002402,0.000031
570,1.000000,0.000000,0.967481,0.999999,0.788846
571,0.753641,0.001402,0.000011,0.103375,0.995336
572,0.999985,0.155145,0.999988,1.000000,0.932842
573,0.000000,0.805965,0.000053,0.032289,0.006117
574,0.803847,0.999870,0.971814,0.999913,0.998770
575,0.000000,0.999054,0.999772,0.013941,0.000042
576,0.000022,0.999999,0.000284,0.088878,0.008350
577,0.000000,1.000000,0.101993,0.008271,0.000159
578,0.989790,0.999767,0.999955,0.986611,0.545232
579,0.000363,1.000000,0.543880,0.967908,0.444151
580,0.000000,1.000000,0.000001,0.000000,0.999999
581,0.000000,0.506849,0.999889,0.999316,0.998600
582,0.000000,0.999970,0.000001,0.054269,0.000071
583,0.000016,0.003532,0.999858,0.996838,0.733103
584,0.000621,0.999999,0.929488,0.000509,0.998783
585,0.914500,0.074641,0.991192,0.013093,0.999754
586,0.965082,0.002428,1.000000,0.999810,0.969026
587,0.061314,0.006299,0.000000,0.000003,0.000003
588,0.997208,0.993460,0.998691,0.989361,0.291173
589,0.000038,0.000003,0.000104,0.041531,0.005550
590,1.000000,0.000021,0.324092,0.000038,0.999995
591,0.000000,0.913216,0.000001,0.000000,0.000035
592,1.000000,0.013857,0.996149,0.999992,0.987908
593,0.999999,0.000000,0.966575,0.006891,0.999612
594,0.998573,0.998997,0.999999,0.001470,0.948203
595,0.000000,0.999997,0.013553,0.000253,0.579595
596,0.954406,0.000001,0.376257,0.999968,0.999908
597,0.999993,0.956462,0.002104,0.000407,0.000154
598,0.999996,0.000001,1.000000,0.000016,0.949389
599,1.000000,0.961687,0.999999,0.012775,0.000140
600,1.000000,0.970822,0.999999,0.993061,0.999942
601,0.000000,0.992647,0.000007,0.233556,0.999927
602,0.999490,0.001653,1.000000,0.000476,0.385483
603,0.000003,0.998833,0.990810,0.000004,0.731939
604,0.011224,0.999996,0.000012,0.949135,0.000277
605,0.999999,0.000001,0.007644,0.998748,0.999998
606,0.000000,0.515487,0.345116,0.999700,0.275202
607,0.000365,0.995810,0.000034,0.003388,0.999964
608,0.999968,0.926514,0.000014,0.000018,0.841472
609,0.899690,0.000277,0.956948,0.604382,0.013640
610,0.993589,0.000001,0.000030,0.603819,1.000000
611,0.000206,0.171426,0.005008,0.497589,0.098156
612,0.048466,0.999994,0.001264,0.999991,0.998542
613,0.000000,0.000000,0.000005,0.000000,0.000468
614,0.142486,0.003462,0.999564,0.000084,0.010324
615,0.978785,1.000000,0.999994,0.999997,0.006703
616,1.000000,0.000000,1.000000,0.939259,1.000000
617,0.446741,0.977558,0.999405,0.999999,0.000266
618,0.327318,0.000020,0.259781,1.000000,0.027363
619,0.000032,0.999998,0.000000,0.002081,1.000000
620,0.999685,0.999704,0.999968,0.999996,0.003813
621,0.998772,0.938089,1.000000,0.999348,0.999949
622,0.944597,0.000023,0.852548,0.381278,0.000006
623,0.999951,0.115735,0.074511,0.999418,0.569470
624,1.000000,0.000007,0.038012,0.000000,0.999447
625,0.993871,0.066351,0.000101,0.999937,0.993807
626,0.010246,0.000000,0.992694,0.987601,0.000010
627,0.355500,0.000013,0.000007,0.994346,0.999961
628,0.000000,0.000000,0.000000,0.000184,0.541072
629,0.806592,0.087444,0.999998,1.000000,0.002875
630,0.000000,0.004451,0.000000,0.000032,0.000591
631,0.997275,0.000001,0.946680,0.999832,0.970336
632,1.000000,0.000000,0.999886,0.999996,0.029990
633,0.000001,0.999388,0.000000,0.692449,0.756958
634,0.373078,0.489441,0.769559,0.965464,0.773763
635,0.000001,0.435855,0.000000,0.049715,0.996208
636,0.999996,0.952443,0.963755,0.355854,0.078920
637,0.999997,0.142809,0.000000,0.001573,1.000000
638,0.000025,0.836416,0.999210,0.697060,0.005156
639,0.999993,0.000000,1.000000,0.000000,0.000001
640,0.018229,0.999105,0.000041,0.999517,0.999999
641,0.000000,0.012845,0.000156,0.030346,0.000017
642,0.892707,0.999749,0.999972,0.999994,0.616736
643,0.999984,0.999883,1.000000,0.768194,0.442914
644,0.950681,0.799558,0.999998,1.000000,0.179095
645,0.950681,0.799558,0.999998,1.000000,0.179095
646,0.001257,0.009114,0.000017,0.953462,0.996794
647,0.333207,0.000732,0.105522,0.000117,0.983937
648,0.000000,0.000000,0.000002,0.000030,0.999568
649,0.744386,0.793813,1.000000,1.000000,0.001830
650,0.999980,0.000118,0.737833,0.997775,0.519959
651,0.530543,0.999160,0.502221,0.991844,0.864347
652,0.015023,0.110072,0.000000,0.006435,0.998748
653,0.728898,0.000156,0.999325,0.999966,0.999019
654,1.000000,0.999999,0.224181,0.999899,0.000158
655,0.753398,0.013693,0.052177,0.923677,0.937343
656,0.999956,0.999983,0.997015,0.042782,0.000919
657,0.999524,0.000005,0.999759,0.002215,0.000003
658,0.000000,0.000001,0.000000,0.000118,0.999419
659,0.000000,1.000000,0.000000,0.000000,1.000000
660,0.000070,1.000000,0.000000,0.000482,0.999999
661,0.425815,1.000000,0.000001,0.000099,0.999999
662,0.967401,0.000000,0.000000,0.799439,0.011173
663,0.994673,0.999885,0.380313,0.999995,0.388645
664,0.000410,0.000186,0.404383,0.011055,0.993405
665,0.536190,0.065902,0.461147,0.999996,0.054584
666,0.999944,0.000000,0.000002,0.000007,0.999995
667,0.999993,0.960061,1.000000,1.000000,0.000379
668,0.999170,0.000120,0.999981,1.000000,0.002134
669,0.997941,0.999943,0.999999,0.997264,0.045242
670,0.999997,0.734760,0.215485,0.999988,0.999952
671,0.999520,0.973211,0.000001,0.225474,0.998003
672,0.999963,0.000101,0.999997,0.999991,0.036905
673,0.857974,1.000000,0.999819,0.978090,0.998488
674,0.999475,0.999662,0.663544,0.999902,0.988093
675,0.000075,0.859236,0.952911,0.999998,0.085191
676,1.000000,0.000328,0.999998,0.000011,0.288445
677,1.000000,0.007232,1.000000,1.000000,0.001936
678,0.001233,0.998543,0.999927,1.000000,0.000563
679,0.973302,0.006773,1.000000,0.999993,0.002146
680,0.000195,0.991001,0.009826,0.999975,0.001664
681,0.485154,0.999533,0.999939,0.998803,0.338597
682,0.017091,0.011242,0.999995,0.998347,0.888290
683,0.000002,1.000000,0.004433,0.995219,0.025305
684,0.999587,0.132355,0.982702,0.999999,0.317383
685,0.999989,0.043758,0.999992,0.999694,0.469822
686,0.006311,0.000000,0.000002,0.000301,0.999987
687,1.000000,0.000000,0.000199,0.861407,0.047759
688,0.991152,0.991452,0.999524,0.999845,0.997366
689,0.630626,0.005263,1.000000,0.000537,0.001429
690,0.510490,0.999893,0.061111,0.999664,0.223240
691,0.000018,0.122963,0.903250,0.999652,0.110756
692,0.938350,0.999928,0.000006,0.992903,0.215415
693,0.999286,0.000004,0.002103,0.990779,0.998946
694,0.999429,0.047506,0.999934,0.999995,0.997655
695,1.000000,0.902225,0.999999,1.000000,0.027938
696,0.656880,0.000000,0.025033,0.149616,0.010329
697,0.972480,0.000021,0.999973,0.999798,0.335456
698,0.000329,0.967210,0.000392,0.889363,0.297636
699,0.999964,0.269383,0.999746,1.000000,0.025196
700,0.818265,0.266921,0.000001,0.001600,0.031305
701,0.000024,0.000003,0.000000,0.000000,0.999969
702,0.999999,0.101370,0.000138,0.999501,0.999999
703,1.000000,0.003520,1.000000,0.988846,0.004772
704,0.999459,0.999976,0.007963,0.000848,0.432578
705,0.006042,0.999741,1.000000,0.848740,0.000009
706,0.007534,0.034703,0.886102,0.037197,0.998237
707,0.046354,0.001794,0.998122,0.000705,0.906207
708,0.999998,0.131696,0.999999,1.000000,0.003780
709,0.000024,0.000322,0.999492,0.999950,0.000006
710,0.000053,0.995342,0.000590,0.995907,0.288794
711,0.948978,0.000082,0.003179,0.049125,0.915466
712,0.000000,0.028371,0.000067,0.934132,0.065652
713,0.099088,0.001627,0.999592,0.034116,0.000015
714,0.980801,0.999936,0.999963,0.999861,0.318516
715,1.000000,0.000140,0.875211,0.994205,0.002443
716,0.980801,0.999936,0.999963,0.999861,0.318516
717,0.980801,0.999936,0.999963,0.999861,0.318516
718,0.980801,0.999936,0.999963,0.999861,0.318516
719,0.999995,0.000000,0.007500,0.000053,0.999404
720,0.999084,0.002702,0.999939,0.999968,0.840638
721,0.999554,0.276990,0.000307,0.730684,1.000000
722,1.000000,0.006323,1.000000,0.008484,0.998582
723,0.974734,0.000000,0.000000,0.000000,0.976511
724,0.999926,0.951650,0.151293,0.948775,0.006951
725,0.015764,0.490064,0.999521,0.999875,0.999244
726,0.196573,0.000000,0.778504,0.107820,0.001476
727,0.589360,0.790371,0.999775,0.610435,0.018073
728,0.037581,0.000000,0.006877,1.000000,0.379949
729,0.003269,0.117480,0.994495,0.848020,0.000014
730,1.000000,0.000009,0.978145,0.944986,0.000471
731,0.000000,0.999989,0.149984,0.000058,0.961976
732,0.999970,0.000022,0.021807,0.227562,0.942948
733,0.000000,0.741283,0.999999,0.000001,0.000075
734,0.999997,0.014833,0.999970,0.334196,0.003393
735,1.000000,0.000000,0.999997,0.042238,0.936306
736,0.998164,0.000000,0.000000,0.527635,0.001403
737,0.000000,0.113489,0.000000,0.280825,0.999966
738,0.000004,1.000000,0.000000,0.000000,0.999814
739,0.000000,1.000000,0.000000,0.000019,0.999988
740,0.999953,0.718043,0.073813,0.998905,0.999943
741,0.000000,0.000423,0.999989,0.000000,0.234577
742,1.000000,0.000031,1.000000,1.000000,0.995650
743,0.469269,0.829718,0.061098,0.999998,0.012259
744,0.000000,1.000000,0.000001,0.997564,0.999986
745,0.000000,1.000000,0.000000,0.997564,0.999838
746,1.000000,0.826634,0.999713,1.000000,0.000956
747,0.003378,0.270025,0.000129,0.011294,0.750281
748,0.978434,0.000167,0.001419,0.997757,0.938762
749,0.968931,0.999999,0.995077,0.999267,0.994803
750,1.000000,0.000376,0.999900,0.999999,0.391819
751,0.001252,0.999917,0.000279,0.004469,1.000000
752,0.022105,0.997306,0.000007,0.068057,0.914903
753,0.999978,0.177878,0.000010,0.955093,0.055339
754,0.000672,0.999999,0.037428,0.048349,0.999797
755,1.000000,0.000001,0.999910,0.996357,0.863765
756,0.999993,0.000000,0.999991,0.999968,0.000296
757,1.000000,0.003050,0.999014,0.990195,0.002218
758,0.013825,1.000000,0.003282,0.000003,0.999999
759,0.000003,0.937261,0.000015,0.633153,0.209442
760,0.000001,0.000317,0.000000,0.000005,0.343985
761,0.671498,0.994909,0.000172,0.000011,0.999999
762,0.000000,0.000000,0.001856,0.999926,0.000513
763,0.642866,0.000218,0.016102,0.995961,0.999995
764,0.869380,0.442477,0.896306,0.000017,1.000000
765,0.999996,0.991027,0.472562,0.909641,0.999999
766,0.999977,0.000001,0.000009,0.000029,0.999998
767,0.546256,0.999999,0.026785,0.999899,0.065132
768,0.277473,0.998323,0.625015,0.955043,0.817194
769,0.350786,0.000006,0.999994,0.999973,0.000034
770,0.999993,0.000000,0.002442,0.001788,0.867776
771,0.967319,0.999991,0.011621,0.802128,0.999855
772,0.999905,0.999992,0.425438,0.055989,1.000000
773,0.999985,0.946030,0.999987,1.000000,0.007485
774,0.995102,0.435666,0.999236,0.999976,0.173124
775,0.999999,0.000000,0.000083,0.000007,0.577843
776,0.996659,0.458647,1.000000,0.999991,0.007665
777,0.692012,0.251187,0.000000,0.311326,0.999970
778,0.992698,0.000005,0.999680,0.086800,0.990036
779,0.005964,0.000076,0.400508,0.987913,0.265933
780,0.030633,0.695992,0.015599,1.000000,0.027482
781,0.694001,0.017359,0.000016,0.000922,0.999814
782,0.000346,0.282296,0.000001,0.001181,0.999525
783,0.000001,0.000000,0.000143,0.000023,0.999779
784,0.268072,0.991986,0.045940,0.999766,0.606254
785,0.000043,0.094077,0.999996,0.997178,0.999977
786,0.025097,0.000002,0.365215,0.000079,0.919318
787,0.009780,0.862827,0.999304,0.999925,0.006382
788,0.000000,0.016791,0.114744,0.999972,0.003204
789,1.000000,0.000004,0.000136,0.993620,0.005728
790,0.000002,0.000069,0.000003,0.416330,0.998504
791,0.000007,0.999940,0.006960,0.999997,0.163047
792,0.000002,0.000069,0.000003,0.416330,0.998504
793,0.999313,0.030459,0.977006,0.048804,0.197651
794,0.999754,0.125399,0.797966,0.999998,0.001202
795,0.000000,0.999734,0.034514,0.996714,0.999862
796,1.000000,0.999999,1.000000,0.000200,0.981298
797,0.552445,0.000004,0.000011,0.002069,0.010101
798,1.000000,1.000000,1.000000,0.000000,0.997619
799,1.000000,0.000000,0.002293,0.999873,0.845302
800,0.308273,0.012271,0.995620,0.001708,0.999953
801,0.999670,0.045660,0.132909,0.999337,0.001781
802,0.020301,1.000000,0.000112,0.007085,0.999860
803,0.000000,1.000000,0.000000,0.000001,1.000000
804,0.000000,1.000000,0.000000,0.000000,1.000000
805,0.000000,1.000000,0.000000,0.000000,1.000000
806,0.999941,0.000000,0.999971,0.999945,0.488569
807,0.999941,0.000000,0.999971,0.999945,0.488569
808,0.000002,0.999938,0.000433,0.000002,0.857541
809,0.864357,0.000712,0.388996,0.999874,0.041168
810,0.999500,0.008661,0.000000,0.000016,0.994441
811,0.000001,0.930287,0.028796,0.404774,0.993968
812,0.864357,0.000712,0.388996,0.999874,0.041168
813,0.000028,0.000027,0.999478,0.999056,0.030722
814,0.478579,0.245633,0.237526,0.999987,0.067091
815,1.000000,0.000000,0.041206,0.999885,0.999646
816,0.508415,0.999956,0.994744,0.999415,0.995274
817,0.945490,0.000026,0.999687,0.999986,0.002611
818,0.873263,0.966492,0.999998,0.982037,0.973638
819,0.000762,0.685591,0.498115,0.962090,0.234327
820,0.148281,0.950034,0.999928,0.999511,0.000384
821,0.868443,0.058640,0.015571,0.010176,0.431821
822,0.999891,0.001860,0.999342,1.000000,0.001137
823,0.000010,0.935871,0.233143,0.999813,0.621533
824,0.000094,0.000265,0.000000,0.001732,0.927846
825,0.225689,0.999240,0.059327,0.000070,0.035595
826,0.306942,1.000000,0.999960,0.999290,0.882954
827,0.994578,0.000011,0.997798,0.032329,0.155590
828,0.996212,0.040188,0.999972,0.999986,0.964293
829,0.885331,0.000004,0.990051,0.999972,0.978016
830,0.027142,1.000000,0.000002,0.006539,0.999985
831,0.998710,0.005019,1.000000,0.000005,0.914944
832,0.000000,0.000624,0.000000,0.677038,0.000004
833,0.000000,0.992047,0.000000,0.003263,1.000000
834,0.995846,0.000724,0.011616,0.000044,0.883135
835,0.999999,0.000031,0.000518,0.999999,0.999997
836,0.000007,0.000002,0.999964,0.000002,0.597713
837,0.999994,0.000000,0.998999,0.999967,0.001552
838,0.999855,0.000035,0.999955,0.749706,0.146004
839,0.000075,1.000000,0.029083,0.357268,0.903250
840,0.646477,0.079360,0.872302,0.999965,0.000101
841,0.192156,0.990098,0.997987,1.000000,0.999124
842,1.000000,0.000003,1.000000,0.122399,0.999980
843,0.000348,0.000002,0.072935,0.000004,0.236935
844,0.000000,0.000226,0.013523,0.347674,0.000194
845,1.000000,0.427896,0.511915,0.999393,0.022884
846,0.029769,0.042647,0.991335,0.999999,0.000937
847,0.010629,0.000000,0.951677,0.013597,0.021812
848,0.000000,0.405262,0.247851,0.469006,0.000117
849,0.000000,0.903306,0.000000,0.000005,0.923362
850,0.000000,0.055543,0.000013,0.000000,0.962478
851,0.991371,0.868107,0.000000,0.004658,1.000000
852,0.000000,0.265750,0.000002,0.276823,0.999448
853,0.000256,0.999990,0.346414,0.985108,0.993396
854,0.999957,0.000004,0.999911,1.000000,0.019646
855,0.000005,0.000263,0.000067,0.005857,0.000002
856,0.994545,0.000010,0.076464,0.010824,0.000075
857,0.999999,0.999913,0.000139,0.999861,0.999520
858,0.011273,0.095644,0.000024,0.995406,0.272141
859,0.000007,0.000777,0.961578,0.985445,0.997659
860,0.998379,0.000001,0.999999,1.000000,0.000010
861,0.025440,0.084311,0.998749,0.999524,0.044245
862,0.000000,0.999962,0.036222,0.000030,0.995175
863,0.000000,0.999962,0.036222,0.000030,0.995175
864,0.997873,0.939171,0.000045,0.999997,0.990653
865,0.000000,0.000000,0.999991,0.000000,0.006503
866,0.814742,1.000000,0.997478,0.963139,0.023075
867,1.000000,0.445050,0.999994,0.009357,0.567524
868,0.999651,0.925976,1.000000,1.000000,0.000187
869,0.000060,0.999995,0.988512,0.999709,0.420469
870,0.999999,0.999312,0.000053,0.999814,0.987336
871,0.000001,1.000000,0.000000,0.000121,0.999997
872,0.000000,0.999979,0.003058,0.834411,1.000000
873,0.999998,0.520666,0.999967,0.822550,0.000000
874,0.031670,0.553470,0.907219,0.000015,0.999907
875,0.997602,0.998744,0.940798,0.947095,0.999987
876,0.999464,0.000099,0.440298,0.971213,0.000092
877,0.000000,1.000000,0.000000,0.000000,1.000000
878,0.005518,0.999983,0.000007,0.912322,0.999994
879,0.999719,0.999998,0.000000,0.978101,0.478909
880,0.896749,0.000109,0.000068,0.770396,0.987656
881,0.011140,0.335109,0.003199,0.477879,0.029956
882,0.043326,0.721970,0.048899,0.000008,0.001441
883,0.999405,0.000002,0.349141,0.999994,0.997206
884,0.999989,0.025641,0.878288,0.000375,0.000001
885,0.000002,0.979059,0.000000,0.000001,0.996851
886,0.131526,0.999995,0.555228,0.995386,0.008266
887,0.000179,0.999993,0.999638,0.999245,0.006164
888,0.999994,0.608912,0.000107,0.995671,0.999997
889,0.019806,0.035864,0.000002,0.000028,0.823206
890,0.999864,1.000000,0.999949,0.000001,0.998352
891,0.967566,0.031682,0.151708,0.156131,0.000350
892,0.978058,0.001444,0.914060,0.914835,0.015316
893,0.986673,0.940465,0.999999,0.999991,0.861787
894,0.981313,0.000013,0.994592,1.000000,0.001460
895,0.999608,0.953157,0.999657,0.999982,0.011836
896,0.000145,1.000000,0.743545,0.005447,0.999728
897,0.004631,0.967149,0.009932,0.999984,0.000133
898,0.041272,0.034957,0.003955,0.922407,0.000127
899,1.000000,0.000003,0.999999,0.999979,0.014812
900,0.918508,1.000000,0.577338,0.000016,1.000000
901,0.000000,1.000000,0.000012,0.341892,0.000013
902,0.000051,0.000067,0.315581,0.831771,0.001129
903,1.000000,0.003862,0.999772,0.000161,0.999918
904,0.991287,0.996356,0.999915,0.999997,0.007242
905,0.396451,0.000000,0.995990,0.994645,0.029868
906,0.795846,0.950487,0.006786,0.998589,0.999888
907,0.000001,0.997153,0.000001,0.000764,0.999975
908,0.000340,0.000000,0.000000,0.956389,0.999589
909,0.000234,0.999963,0.999727,0.000261,0.998829
910,0.212222,0.103490,0.036608,0.999959,0.999545
911,0.996206,0.000000,0.000294,0.999986,0.000073
912,1.000000,0.049375,0.992714,0.999999,0.999231
913,0.999708,0.997732,0.999978,0.000181,0.000128
914,1.000000,0.999741,0.999997,0.008487,0.773171
915,1.000000,0.000000,0.999952,0.000526,0.999999
916,0.999143,0.000305,0.849172,0.000001,0.000001
917,0.000004,0.012869,0.000002,0.006639,0.021730
918,0.998714,0.083111,0.999838,0.999947,0.983596
919,0.999994,0.000000,0.000393,0.001561,1.000000
920,0.000003,0.105722,0.000004,0.000007,0.999999
921,0.000003,0.870483,0.000004,0.999963,0.999996
922,0.001530,0.999969,0.001154,0.998389,0.999653
923,0.989354,0.000751,0.999834,1.000000,0.150190
924,0.999830,0.223516,0.999999,0.999999,0.406165
925,1.000000,0.000000,0.999965,0.000035,0.000013
926,0.001031,0.022855,0.001688,0.999289,0.978714
927,0.006006,0.944562,0.940481,0.995771,0.997012
928,0.999935,0.013845,0.975566,1.000000,0.023564
929,0.000001,0.998397,0.829190,0.999979,0.974182
930,0.998620,0.999265,0.999997,0.964346,0.056818
931,1.000000,0.000042,0.979232,0.993782,0.999427
932,0.423396,0.000035,0.011787,1.000000,0.752038
933,0.129637,0.000131,0.000002,0.999992,0.865043
934,0.999999,0.999562,0.999831,0.125396,0.914716
935,0.000001,0.000000,0.000000,0.999293,0.985113
936,0.006989,0.999996,0.000038,0.039869,0.997943
937,0.000004,1.000000,0.020495,0.000016,0.999854
938,0.008861,0.000000,0.000010,0.002292,0.020784
939,0.536420,0.294720,0.004474,0.999978,0.897001
940,0.000218,0.999946,0.000001,0.999958,0.003773
941,1.000000,0.000002,1.000000,1.000000,0.000051
942,0.000955,0.994811,0.948819,0.665562,0.673197
943,0.000001,1.000000,0.920655,0.989943,0.996684
944,0.009809,0.997387,0.004959,0.999997,0.831292
945,1.000000,0.400113,1.000000,0.997246,0.000102
946,0.000017,0.989293,0.000000,0.000046,1.000000
947,0.002628,0.995217,0.066379,0.999998,0.000392
948,0.953433,0.971731,0.999891,0.999998,0.980326
949,0.995595,0.000000,0.005381,0.999985,0.000003
950,0.000183,0.000000,0.000000,0.000070,0.999999
951,0.327679,0.999942,0.999996,0.999931,0.335349
952,0.999955,0.766743,0.292810,0.943699,0.965421
953,0.999999,0.998278,0.576935,1.000000,0.999999
954,0.000002,0.000500,0.000000,0.234134,0.103253
955,0.018221,0.000173,0.998894,0.999955,0.998775
956,0.079989,0.000379,0.999861,0.999379,0.002868
957,0.999738,0.000003,0.000049,0.370399,0.161392
958,1.000000,0.004497,0.999997,0.000297,0.861957
959,0.999989,0.000002,0.000095,0.000709,0.999981
960,0.195862,0.994005,0.000002,0.000004,0.000014
961,0.004511,0.000006,0.001083,0.999956,0.361146
962,0.603939,0.000059,0.932317,0.999849,0.985304
963,0.999998,0.000000,0.182360,0.905810,0.000103
964,0.004511,0.000006,0.001083,0.999956,0.361146
965,0.999880,0.000000,0.999317,0.883980,0.000399
966,0.207636,0.025794,0.999986,0.341423,0.000096
967,0.999995,0.000000,0.590884,0.971300,0.000000
968,1.000000,0.000346,0.368614,0.000953,0.918082
969,0.000000,0.950837,0.000001,0.000030,0.068486
970,0.998901,0.994458,0.754336,0.341184,0.999732
971,0.081302,0.993796,0.008498,0.999945,0.979114
972,0.010959,0.103595,0.930339,0.999217,0.996621
973,0.999971,0.000000,0.028665,0.996984,0.000036
974,0.000509,0.163275,0.000000,0.000005,0.954286
975,0.000527,0.999604,0.999790,0.999757,0.017308
976,1.000000,0.000002,0.859119,0.999998,0.000026
977,0.999650,0.000001,0.000341,0.000027,0.006316
978,0.000013,0.000000,0.986972,0.003071,0.999262
979,0.000004,0.070027,0.825016,1.000000,0.132158
980,0.000471,0.002625,0.033871,0.999999,0.998780
981,0.001459,1.000000,0.000021,0.999998,1.000000
982,0.075089,0.000000,0.000000,0.714885,0.951928
983,0.989573,0.000000,0.999933,0.999910,0.006341
984,0.977985,0.925257,0.466601,0.999773,0.390792
985,0.954443,0.701458,0.104138,0.999999,0.006853
986,0.999947,0.000000,0.000005,0.000036,0.999970
987,0.999936,0.035124,0.935508,0.999974,0.003635
988,0.987440,0.000545,0.999943,0.999149,0.005113
989,1.000000,0.000000,1.000000,0.000000,0.999692
990,0.000000,0.999605,0.000000,0.805694,0.999998
991,0.000000,0.000000,0.000013,0.999995,0.000006
992,0.000744,1.000000,0.846664,0.085551,0.999999
993,0.000000,0.000000,0.000274,0.000004,0.999791
994,0.005455,0.997769,0.000540,0.993616,0.000074
995,0.999629,0.000060,0.227546,0.000110,0.000042
996,1.000000,0.000000,0.999952,0.000001,0.000294
997,0.003634,0.000000,0.999159,0.876705,0.933253
998,0.999991,0.000000,0.999743,0.094335,0.014648
999,0.000000,0.999980,0.981679,0.988144,0.153025
1000,0.000214,0.512705,0.000137,0.999982,0.012222
1001,0.000000,0.000509,0.982559,0.000025,0.383837
1002,0.999594,0.999667,0.818710,0.000179,0.999090
1003,0.000011,0.989364,0.075748,0.997464,0.000184
1004,0.017005,1.000000,0.000000,0.854733,0.000000
1005,0.999437,0.000000,0.000087,0.000001,0.999987
1006,0.999905,0.000000,0.000000,0.000452,0.012326
1007,0.999981,0.998777,0.999998,0.000012,0.844582
1008,0.945565,0.999997,0.011438,0.854886,0.107375
1009,0.000000,0.999995,0.000000,0.985837,0.995755
1010,0.982264,0.002264,0.999438,1.000000,0.000001
1011,1.000000,0.636883,1.000000,0.971728,0.078531
1012,0.000000,0.000032,0.000000,0.976110,0.747445
1013,0.999993,0.008079,0.000023,0.000293,0.000169
1014,0.999199,0.841747,0.999609,0.999999,0.697662
1015,1.000000,0.000000,0.999702,0.999853,0.461900
1016,0.979545,0.999457,0.073594,0.037640,0.017954
1017,0.994581,0.000096,0.999920,0.999899,0.000015
1018,0.000000,0.999997,0.005065,0.140764,0.001018
1019,0.931960,0.814834,0.005300,0.999857,0.001863
1020,0.995791,0.000559,0.997528,0.967646,0.964048
1021,0.999999,1.000000,0.999999,0.715161,0.999845
1022,0.000000,0.950685,0.000000,0.021419,0.000002
1023,0.000118,0.005476,0.998601,1.000000,0.995461
1024,0.999981,1.000000,0.999976,0.876888,0.999621
1025,0.000000,0.383199,0.521844,0.999008,0.999992
1026,1.000000,0.990866,0.999999,0.962556,0.067684
1027,0.999998,1.000000,0.998737,0.994818,0.971513
1028,1.000000,0.000000,0.047370,0.000031,0.000048
1029,0.000000,0.005237,0.010363,0.081089,0.971548
1030,0.000000,0.000735,0.000060,0.998668,0.005476
1031,0.000000,0.999999,0.000002,0.001498,1.000000
1032,0.000011,0.461726,0.030019,0.999997,0.999998
1033,0.000010,0.997462,0.012975,0.895128,0.767275
1034,0.995267,0.000027,0.999822,0.230750,0.999993
1035,0.000001,0.999697,0.999202,0.884556,0.751484
1036,0.989012,0.006455,0.421919,0.999629,0.004930
1037,0.000001,0.992332,0.031751,0.984642,0.003198
1038,0.021772,0.895368,0.999638,0.992814,0.996829
1039,1.000000,0.000000,0.867781,0.999630,0.000010
1040,0.999997,0.000000,0.350087,0.999861,0.997820
1041,0.999645,0.000000,0.860732,0.987996,0.999731
1042,1.000000,0.000000,0.999985,0.019543,0.000893
1043,0.000002,0.000000,0.962668,0.000055,0.054375
1044,0.000071,0.000022,0.898964,0.999998,0.365954
1045,0.999999,0.003857,0.677686,0.750969,0.990119
1046,0.000291,0.002927,0.000000,0.002899,0.999999
1047,0.220265,0.999958,0.686681,0.729244,0.000007
1048,0.937463,0.209959,0.879407,0.999513,1.000000
1049,0.000000,0.336177,0.118605,0.227127,0.999890
1050,0.999587,0.000000,0.000002,0.000000,0.000467
1051,1.000000,0.650364,0.999999,0.000006,0.007757
1052,0.008916,0.008298,0.974207,0.998355,0.998540
1053,0.999996,0.999997,0.915677,0.986164,0.840184
1054,0.982046,0.000000,0.999993,0.078628,0.999973
1055,0.999940,0.023879,0.999994,0.000026,0.000036
1056,0.000000,0.998989,0.000000,0.999883,0.988046
1057,1.000000,0.000024,0.999997,0.977082,0.245790
1058,0.279746,0.000171,0.000046,0.993800,1.000000
1059,0.032969,1.000000,0.000047,0.987728,0.999978
1060,0.999803,0.579154,0.999990,0.999880,0.000096
1061,0.000000,0.007530,0.094338,1.000000,0.024489
1062,0.000318,0.005794,0.968864,0.000280,0.998811
1063,0.994720,0.050848,0.000655,0.506801,0.980120
1064,0.999904,0.991168,0.860495,0.999700,0.002660
1065,0.999964,0.000148,1.000000,0.031393,0.565668
1066,0.044376,0.000076,0.834834,0.998464,0.002653
1067,0.000006,0.999999,0.000003,0.999770,0.997433
1068,0.999999,1.000000,0.000116,0.996866,0.999884
1069,0.999590,0.999855,0.999860,0.000027,1.000000
1070,0.922071,0.000072,1.000000,0.999997,0.050236
1071,0.986868,0.019612,0.032673,0.985687,0.039612
1072,0.017567,1.000000,0.000009,0.000089,0.000002
1073,0.218302,0.103958,0.999981,0.999997,0.005007
1074,0.000067,0.946996,0.000001,0.003682,0.999269
1075,0.999648,0.999949,0.000000,0.997736,0.069465
1076,0.000327,0.992803,0.892424,0.000037,0.000025
1077,0.000003,0.999990,0.006551,0.952825,0.979868
1078,0.000001,0.999954,0.848304,0.002809,0.000078
1079,0.000000,0.978436,0.000019,0.000063,0.967253
1080,1.000000,0.000002,0.999999,0.186784,0.000001
1081,1.000000,0.000254,0.999977,0.999996,0.313309
1082,0.998872,0.000003,0.000348,1.000000,0.393103
1083,1.000000,0.000003,1.000000,0.999996,0.933806
1084,0.003713,0.000021,1.000000,0.000616,0.313615
1085,0.011090,0.000000,0.001935,0.000080,0.008627
1086,0.995838,0.000000,0.007832,0.997784,0.022635
1087,0.000000,0.021862,0.000000,0.000002,0.999947
1088,0.977705,0.999949,0.972101,0.999994,0.019997
1089,0.000000,0.999993,0.000010,0.001328,0.999979
1090,1.000000,0.000000,0.948051,0.000299,0.000005
1091,0.979744,0.000000,0.999999,0.063001,0.000037
1092,0.000059,0.015545,0.000103,0.000785,1.000000
1093,0.982768,0.346702,0.999923,0.996715,0.083120
1094,0.999948,0.000034,0.200116,0.000005,0.003523
1095,1.000000,0.000000,0.999427,0.178911,0.999904
1096,0.003354,0.000007,0.999899,0.888688,0.924557
1097,0.031942,1.000000,1.000000,0.999275,0.000008
1098,0.999697,0.046632,0.001768,0.999992,0.906135
1099,0.986861,0.021552,0.999992,0.999999,0.013698
1100,0.996788,0.820592,1.000000,0.001486,0.969470
1101,0.000005,0.999554,0.001188,0.999995,0.999994
1102,0.004606,0.000002,0.024549,0.027178,0.008301
1103,1.000000,0.489479,1.000000,0.033905,0.000017
1104,0.999254,0.000044,1.000000,0.999964,0.989673
1105,0.000000,0.999990,0.000000,0.000000,0.999999
1106,0.965605,1.000000,0.999991,0.995515,0.000977
1107,0.000000,0.002072,0.999443,0.012376,0.642762
1108,0.999976,0.167158,1.000000,0.000432,0.987980
1109,0.000000,1.000000,0.000000,0.000000,1.000000
1110,0.300740,0.927246,0.998871,0.935088,0.033325
1111,0.999813,0.869093,0.013185,0.238765,0.001053
1112,0.010095,0.999215,0.935909,0.980220,0.585855
1113,0.999995,0.000050,0.999995,0.999970,0.029915
1114,0.000000,1.000000,0.000550,0.000000,1.000000
1115,1.000000,0.047564,0.999871,0.011455,0.013340
1116,0.999994,0.929432,0.993037,0.999876,0.000000
1117,0.000017,1.000000,0.000064,0.000063,0.587639
1118,0.999442,0.162499,0.094444,0.000001,0.935777
1119,0.999951,0.187976,0.999987,1.000000,0.027091
1120,0.000015,0.000010,0.538885,0.994833,0.999887
1121,1.000000,0.946789,0.999921,0.999810,0.306570
1122,0.000000,0.144720,0.000005,0.040583,0.999869
1123,0.998908,0.003573,0.999890,0.999998,0.005963
1124,0.998908,0.003573,0.999890,0.999998,0.005963
1125,0.959516,0.000008,0.995373,0.999940,0.997897
1126,0.000000,0.001448,0.970527,0.998750,0.450755
1127,0.999999,0.712700,0.110678,0.711326,0.902006
1128,0.999908,0.005609,0.154914,0.000000,0.003412
1129,0.000000,0.982900,0.000049,0.999270,0.000571
1130,0.032097,0.999205,0.000009,0.000000,0.999975
1131,0.090257,0.863502,0.999467,0.000968,0.007334
1132,1.000000,0.000013,1.000000,0.857316,0.642738
1133,0.998767,0.006417,0.017905,0.979630,0.106787
1134,0.998767,0.006417,0.017905,0.979630,0.106787
1135,0.935659,1.000000,0.999999,0.000037,0.979818
1136,0.974667,0.266023,1.000000,0.999999,0.039740
1137,0.999957,1.000000,0.991811,0.000179,0.999984
1138,0.999472,0.999987,0.113201,0.072045,0.151633
1139,0.000000,0.887460,0.002145,0.000113,0.909684
1140,1.000000,0.006188,0.999997,0.531935,1.000000
1141,0.018752,0.999652,0.999948,0.998798,0.999490
1142,0.999998,0.998275,0.988451,1.000000,0.149320
1143,0.995580,0.980816,0.047825,0.999970,0.883412
1144,0.004753,0.900090,0.999929,0.001743,0.951219
1145,0.999982,0.999989,0.002114,0.999859,0.431731
1146,0.998599,0.999995,1.000000,0.545190,0.142073
1147,0.999467,0.999998,0.999997,0.000931,0.084381
1148,0.960678,0.002548,0.014303,0.955361,1.000000
1149,0.000019,0.216566,0.999999,0.005063,0.847483
1150,0.000030,0.999998,0.000022,0.006267,0.998709
1151,0.995211,0.009887,0.999157,0.993418,0.104233
1152,1.000000,0.000000,0.990278,0.955440,0.969525
1153,0.000003,0.000425,0.999890,0.000202,0.000144
1154,0.927796,0.000395,0.000001,0.002403,1.000000
1155,1.000000,0.000002,0.000002,0.999175,0.005440
1156,0.999683,1.000000,0.314153,0.000000,0.999998
1157,0.472492,0.110926,0.991264,0.000084,0.982797
1158,0.691563,0.000098,0.000219,0.998759,0.000017
1159,0.001868,0.009315,0.045664,0.983183,0.011302
1160,1.000000,0.026701,0.990662,0.999995,0.001366
1161,0.999985,1.000000,0.978196,0.992160,0.999669
1162,0.999947,0.074722,1.000000,0.999253,0.000404
1163,0.999008,0.000000,0.999987,0.003464,0.001247
1164,0.000000,0.971234,0.000903,0.981740,0.875043
1165,1.000000,1.000000,1.000000,0.000390,0.085296
1166,0.999992,0.000040,0.997688,0.009199,0.000007
1167,0.007924,0.001380,0.001376,0.997081,0.990041
1168,0.999966,0.999966,0.002152,0.006283,0.990268
1169,0.180877,0.000000,0.972596,0.000000,0.022698
1170,0.998673,0.038525,0.144884,0.999736,0.999427
1171,0.988991,0.000046,0.999777,0.000294,0.997897
1172,0.000018,0.999470,0.598363,0.989809,0.325283
1173,1.000000,0.000038,0.999949,0.199703,0.000089
1174,0.982714,0.870477,0.967489,0.899439,0.000239
1175,0.599279,0.000130,0.978622,0.000001,0.787637
1176,0.000099,0.012722,0.000010,0.251948,0.121169
1177,1.000000,0.000000,0.244925,0.000003,0.904283
1178,0.000000,0.999959,0.000000,0.000002,0.817491
1179,0.999978,0.341908,0.999527,0.001502,0.135301
1180,0.000000,1.000000,0.000001,0.000053,0.999980
1181,0.992509,0.943794,0.044243,0.000116,0.041282
1182,0.999652,0.999999,0.999990,0.978356,0.983945
1183,0.999999,0.000311,0.004502,0.999990,1.000000
1184,1.000000,0.999995,0.999999,0.002414,0.500564
1185,0.000000,0.000002,0.000000,0.000000,1.000000
1186,0.999937,0.000008,0.000061,0.995849,0.001731
1187,0.006183,0.368298,0.000215,0.998753,1.000000
1188,0.043869,0.964288,0.104290,0.000540,0.005645
1189,0.000002,1.000000,0.000000,0.003920,0.999998
1190,0.000000,1.000000,0.000000,0.000002,1.000000
1191,0.000013,0.911460,0.000347,0.003556,0.048569
1192,0.000003,0.999998,1.000000,0.000028,0.994513
1193,0.531580,0.993890,0.926968,0.004170,0.799145
1194,0.000016,0.000001,0.000006,0.000953,0.000018
1195,0.000019,1.000000,0.999997,0.000007,0.998460
1196,0.000034,1.000000,0.523879,0.002869,0.029294
1197,0.987703,0.999966,0.970235,0.999998,0.003220
1198,0.078988,0.031612,0.962954,0.999985,0.841145
1199,0.004477,1.000000,0.964122,0.544210,0.453619
1200,0.966468,1.000000,0.000547,0.000006,0.761569
1201,0.253420,0.000000,0.979620,0.999996,0.054503
1202,0.181406,0.385047,0.009594,0.777069,0.227822
1203,0.188415,0.000000,0.955400,0.999999,0.923345
1204,0.032360,0.004405,0.030174,0.955016,0.998995
1205,0.000000,0.891094,0.000106,0.970540,0.769994
1206,0.664903,0.981479,0.032437,0.106162,0.955631
1207,0.735501,1.000000,0.999961,0.311738,0.000552
1208,0.000002,0.000007,0.000011,0.138489,0.999750
1209,0.950367,1.000000,0.999999,0.807730,0.000157
1210,0.187841,0.999977,0.999710,0.012796,0.970753
1211,0.999998,0.000000,0.999502,0.999993,0.902416
1212,0.052283,0.000143,0.000023,0.999999,0.000000
1213,1.000000,0.999915,0.999087,0.994548,0.000258
1214,0.885598,0.995990,0.003616,0.741632,0.006906
1215,1.000000,0.984361,0.994945,0.000000,0.002189
1216,0.000000,0.999999,0.016673,0.000006,0.202698
1217,0.993288,1.000000,0.999969,0.000000,0.000040
1218,0.000038,1.000000,0.934418,0.000003,0.000287
1219,0.000022,0.999886,0.998997,0.000150,0.000006
1220,0.000000,1.000000,0.998400,0.000007,0.999549
1221,0.999993,0.363122,0.999948,0.000021,0.000084
1222,0.000000,1.000000,0.998400,0.000007,0.999549
1223,0.624995,0.000000,0.000227,0.995999,0.999249
1224,0.000000,0.214997,0.000001,0.006673,0.999978
1225,0.014375,0.999996,0.549367,0.997260,0.857138
1226,0.741581,0.000000,0.007032,0.002245,0.614234
1227,0.000004,0.000004,0.000002,0.000000,0.536686
1228,0.000000,0.594477,0.000000,0.000153,0.991378
1229,0.000000,1.000000,0.000001,0.000006,0.999998
1230,0.000000,1.000000,0.000001,0.000006,0.999998
1231,0.999998,0.999950,0.000135,0.995344,0.999936
1232,0.016659,0.980260,0.999858,1.000000,0.987201
1233,0.017554,0.999982,0.000074,0.003441,0.992882
1234,0.000000,1.000000,0.000001,0.000871,0.999995
1235,0.999999,0.999336,0.999961,0.999984,0.999897
1236,0.999984,0.000000,0.000001,0.783521,0.999999
1237,0.999997,0.001762,0.999754,0.998941,0.000079
1238,0.999997,0.321089,0.019098,0.000181,0.999932
1239,0.000000,0.999999,0.997502,0.000860,0.000103
1240,0.947785,0.999985,0.992161,0.433647,0.000042
1241,1.000000,0.982108,1.000000,0.923044,0.000000
1242,0.966359,1.000000,0.999989,0.735774,0.000000
1243,0.000001,0.676239,0.000000,0.847821,0.038390
1244,0.993838,0.000000,0.999992,0.167943,0.000223
1245,0.074675,0.000000,0.999668,0.444367,0.000022
1246,0.000003,0.826227,0.000001,0.004294,0.002333
1247,0.999162,0.994786,0.000000,0.000001,1.000000
1248,0.999988,0.526941,0.000001,0.568937,0.877892
1249,0.065231,1.000000,0.987240,0.999447,0.105860
1250,0.989337,0.999991,0.000822,0.968133,0.999703
1251,0.243398,1.000000,0.000001,0.788597,0.999066
1252,0.004611,0.922424,0.089994,0.002205,0.000007
1253,1.000000,0.041513,0.999907,0.999965,0.989470
1254,0.999969,0.999993,0.003274,0.979550,0.018142
1255,0.999934,0.000000,0.997809,0.836683,0.000002
1256,0.000000,0.007246,0.000005,0.979670,0.996356
1257,1.000000,0.999992,0.995692,1.000000,0.972067
1258,0.402118,0.000004,0.999621,0.000286,0.995487
1259,0.004934,0.050271,0.993894,0.000687,0.998719
1260,0.000061,0.999862,0.884222,0.796528,0.079706
1261,1.000000,0.000018,0.999995,0.015813,0.999830
1262,0.999544,0.000000,0.958242,0.002522,0.996880
1263,1.000000,0.000002,0.999999,1.000000,0.000000
1264,0.035149,0.000018,0.000008,0.001271,1.000000
1265,0.999999,0.000000,0.999874,0.000020,0.089975
1266,0.073253,1.000000,0.999828,0.000000,1.000000
1267,0.000000,0.000550,0.000000,0.000004,0.000000
1268,1.000000,1.000000,1.000000,0.000000,0.998856
1269,1.000000,0.999989,0.982145,0.000024,0.000018
1270,0.644530,0.001548,0.996260,0.005738,0.080038
1271,0.993880,0.011398,0.999895,0.002580,0.000022
1272,0.000000,0.000001,0.000005,0.000018,0.669255
1273,0.815436,0.876147,0.985899,0.999496,0.998593
1274,1.000000,0.250861,0.327432,0.999789,0.000004
1275,0.955374,0.999076,0.001509,1.000000,0.985329
1276,0.977309,0.000015,0.000242,0.048141,0.999994
1277,0.962354,0.804453,0.000001,0.000177,0.717602
1278,1.000000,0.000000,0.541060,0.000011,0.999956
1279,0.986221,0.997568,0.000250,0.595507,0.413586
1280,0.952870,0.890248,0.999999,0.999950,0.981371
1281,0.999891,0.999985,0.988178,0.999899,0.999996
1282,0.000002,0.999577,0.000000,0.004269,0.945093
1283,0.971139,0.999943,0.008645,0.933216,0.998495
1284,0.000000,0.000071,0.000001,0.000000,0.000001
1285,1.000000,0.840762,0.999990,1.000000,0.091336
1286,0.015888,0.125103,0.099654,0.814427,0.000001
1287,0.999975,0.000012,0.999939,1.000000,0.805414
1288,0.004940,0.000004,0.182863,0.000004,0.992945
1289,0.001368,0.995497,0.603544,0.031711,0.000017
1290,0.999994,0.962940,0.999775,0.553576,0.942503
1291,0.999998,0.000000,0.009499,0.000031,0.956742
1292,0.000000,0.999986,0.884442,0.009597,0.000017
1293,1.000000,0.000006,0.882069,0.994938,0.042711
1294,0.000010,0.999857,0.096229,0.999832,0.000061
1295,0.000063,0.995576,0.000001,0.000312,0.999694
1296,0.113940,1.000000,0.999868,0.000003,0.999988
1297,1.000000,0.000000,0.999999,0.999999,0.000007
1298,0.996103,0.142300,0.370571,0.000127,0.002904
1299,1.000000,0.156131,0.999999,0.000000,1.000000
1300,0.990422,0.896665,0.321199,0.772430,0.888812
1301,1.000000,0.111498,1.000000,0.037794,0.995551
1302,0.092851,0.002584,0.743780,0.002861,0.000222
1303,1.000000,1.000000,0.999880,0.006982,0.064871
1304,0.999999,0.454914,0.999999,0.999964,0.805391
1305,1.000000,0.999995,0.999105,0.999985,0.998958
1306,0.999993,0.686828,0.000666,0.002048,0.999782
1307,0.999990,0.989684,0.999999,0.999983,0.041454
1308,1.000000,0.000000,0.998818,0.943641,0.000006
1309,1.000000,0.000000,0.997500,0.000010,0.000019
1310,0.999999,0.844353,0.999873,0.705274,0.000016
1311,0.000025,0.002231,0.000001,0.000000,0.000029
1312,0.486132,0.122625,0.999936,1.000000,0.006147
1313,0.000000,0.577786,0.856811,0.000002,0.003016
1314,0.188156,0.999998,0.000342,0.000072,0.990270
1315,0.096493,0.000300,0.268215,0.943654,0.000677
1316,0.933586,0.009613,0.999998,0.998743,0.000005
1317,0.000219,0.068294,0.000001,0.999974,0.999973
1318,0.133215,0.000059,0.000003,0.995631,0.057841
1319,0.992313,0.122796,0.997128,0.999990,0.019453
1320,1.000000,0.011294,0.960795,0.000192,0.000054
1321,0.000000,1.000000,0.000000,0.000000,1.000000
1322,1.000000,0.992717,0.900717,0.973277,1.000000
1323,0.983596,0.013625,0.999993,0.001830,0.000000
1324,0.000000,0.001009,0.000000,0.511887,0.000257
1325,0.021088,0.000000,0.995489,0.000524,0.997144
1326,0.021088,0.000000,0.995489,0.000524,0.997144
1327,0.000084,0.999974,0.996355,0.936466,0.761964
1328,0.000001,0.997849,0.999975,0.055172,0.999956
1329,0.000008,0.000000,0.000635,0.000000,0.037658
1330,0.000468,1.000000,0.042140,0.765381,0.064610
1331,0.000000,0.999837,0.000002,0.000000,0.550780
1332,0.943499,0.938960,0.401236,0.041769,0.000878
1333,1.000000,0.999183,1.000000,0.999997,0.000022
1334,0.064016,0.000025,0.000053,0.645433,0.000032
1335,0.000000,0.794594,0.000000,0.000000,0.000996
1336,0.568509,0.999999,0.718503,0.999945,0.999892
1337,1.000000,0.968444,0.999986,0.140277,0.994398
1338,0.881652,0.098613,0.986831,0.999900,0.999963
1339,1.000000,0.253311,0.985216,0.222851,0.000360
1340,1.000000,0.000425,0.931928,0.005634,0.000061
1341,0.999991,0.752056,0.993125,0.071423,0.001707
1342,0.224578,1.000000,0.000065,0.000135,0.987567
1343,0.000000,0.999474,0.000002,0.032158,0.817375
1344,0.000791,0.000005,0.999357,1.000000,0.007537
1345,0.999203,0.000007,0.999998,0.999298,0.000006
1346,0.587969,0.000058,0.402165,0.713620,0.002063
1347,0.957245,0.000009,0.000212,0.879182,0.060921
1348,0.849736,0.713901,0.000032,0.997716,0.984148
1349,0.029885,0.994388,0.799758,0.001283,0.979411
1350,0.733948,0.960111,0.000030,0.546003,0.311074
1351,0.000000,0.056999,0.999925,0.239911,0.000597
1352,0.000000,0.000000,0.000280,0.001602,0.087387
1353,0.998528,0.222187,0.999999,0.999978,0.010452
1354,0.000209,0.003287,0.821696,0.144191,0.001636
1355,0.012943,0.991223,0.925309,0.002539,0.999997
1356,0.083342,0.999837,0.992737,0.999864,0.999983
1357,0.001576,0.996820,0.002267,0.995380,0.853971
1358,1.000000,0.000039,0.094636,0.999573,0.000080
1359,0.000000,0.000001,0.053081,0.746503,0.001183
1360,1.000000,0.011442,0.999756,0.543287,0.075115
1361,0.001460,0.000000,0.988005,0.006667,0.019659
1362,1.000000,0.000000,0.097146,0.973368,0.977339
1363,0.999966,0.000017,0.999436,0.000005,0.982792
1364,0.998721,0.000055,0.007410,1.000000,0.849942
1365,0.000000,0.999871,0.000221,0.999707,0.000049
1366,0.999998,0.834759,0.963285,0.281324,0.000416
1367,0.999994,0.238664,0.984098,0.999482,0.250848
1368,0.793549,1.000000,0.000025,0.993482,0.004541
1369,0.000003,0.047864,0.133423,0.998972,0.002912
1370,0.000001,0.997107,0.370841,0.999997,0.000003
1371,0.000066,0.049733,0.998837,0.999999,0.000002
1372,0.937500,0.047242,1.000000,0.999906,0.402200
1373,0.985929,1.000000,0.937200,0.111000,0.997587
1374,0.862003,0.000003,0.999364,1.000000,0.999832
1375,0.000000,0.999265,0.000020,0.999995,0.970268
1376,0.999998,0.000042,0.999995,0.000614,0.999414
1377,0.028057,0.998637,0.000884,0.982310,0.986979
1378,0.999462,0.528799,1.000000,1.000000,0.000100
1379,0.938676,0.929972,1.000000,0.000024,0.001285
1380,0.000012,0.975518,0.998713,0.941442,0.000560
1381,0.999995,0.000024,0.999756,0.045930,0.977249
1382,0.000000,1.000000,0.000006,0.000002,0.456811
1383,0.013450,1.000000,0.999605,0.000010,0.995468
1384,0.000639,1.000000,0.367619,0.000008,0.998457
1385,0.000000,0.181702,0.000000,0.000741,0.000345
1386,0.999978,0.944332,0.986876,0.872556,0.868006
1387,0.947843,0.963766,0.995424,0.999960,0.991754
1388,0.999999,0.006024,0.999204,0.998047,0.999997
1389,0.000000,0.039959,0.050556,0.000377,0.998295
1390,1.000000,0.001920,0.980022,0.000065,0.988804
1391,0.244915,0.000000,0.000084,0.000236,0.046724
1392,0.999999,0.996612,0.999998,1.000000,0.203452
1393,0.999179,0.995531,0.000620,0.984642,0.999989
1394,0.002402,1.000000,0.999994,0.439760,0.763549
1395,1.000000,0.705747,1.000000,0.389681,0.307376
1396,0.926968,0.999674,0.982745,0.999972,0.999966
1397,1.000000,0.000000,1.000000,0.987394,0.001019
1398,0.000000,0.000002,0.425925,0.806585,0.000000
1399,1.000000,0.000000,1.000000,1.000000,0.000022
1400,0.336850,0.056311,0.999987,0.000035,0.000001
1401,0.000000,0.999996,0.000003,0.001067,0.000960
1402,0.005136,0.000000,0.248161,0.000001,0.000002
1403,0.000000,0.040763,0.001436,0.020092,0.000000
1404,1.000000,0.035439,1.000000,0.999202,0.995578
1405,1.000000,0.000014,0.999984,0.000001,0.000162
1406,1.000000,0.984285,1.000000,0.999996,0.900300
1407,1.000000,0.791703,0.999974,0.000007,0.000239
1408,0.860119,0.999613,0.999963,0.000334,0.006397
1409,1.000000,0.000000,1.000000,0.000018,0.000001
1410,0.133140,0.942218,0.959920,0.911425,0.075820
1411,1.000000,0.000000,0.999851,0.283596,0.000052
1412,0.999963,0.000000,0.000393,0.036537,0.992827
1413,0.154566,0.000006,0.000002,0.000161,0.000035
1414,0.000000,0.000009,0.999832,0.987683,0.095059
1415,1.000000,0.999831,0.999996,0.999613,0.046618
1416,1.000000,0.000045,1.000000,0.999999,0.524673
1417,0.000000,0.998027,0.999824,0.245532,0.000101
1418,0.000000,0.786393,0.000000,0.068203,0.984800
1419,0.999999,1.000000,0.999999,0.000000,0.044840
1420,0.000017,0.999995,0.000005,0.000024,0.997880
1421,0.999978,0.000000,1.000000,0.020630,0.223826
1422,0.957253,0.927019,0.392234,0.000027,0.090886
1423,0.999998,0.000000,1.000000,0.005886,0.998951
1424,1.000000,0.993978,0.999999,0.999989,0.000000
1425,0.000006,0.000000,0.999997,0.999753,0.000005
1426,1.000000,0.859729,0.999998,0.999999,0.489441
1427,0.000023,0.002278,0.000044,0.949380,0.326020
1428,0.001230,1.000000,0.998864,0.000053,0.999806
1429,0.999929,1.000000,0.985554,0.000009,0.999998
1430,0.000000,0.775973,0.007467,0.000003,0.228186
1431,0.999143,0.000019,0.999967,0.999764,0.000005
1432,0.999769,0.992320,0.000018,1.000000,0.009691
1433,0.000000,0.000063,0.000250,0.997883,0.549650
1434,0.999999,0.000006,0.999952,0.999025,0.000017
1435,0.999999,0.000000,1.000000,0.999728,0.991459
1436,1.000000,0.000006,1.000000,0.762501,0.994482
1437,1.000000,0.975132,0.999996,0.999990,0.154782
1438,1.000000,0.999998,1.000000,0.959896,0.000028
1439,0.796194,0.000000,0.999972,0.000001,0.612275
1440,0.000000,0.000000,0.016490,0.999532,1.000000
1441,0.011611,0.002496,0.033832,0.961787,0.004964
1442,0.000116,0.288978,0.984175,0.997565,0.107680
1443,0.000148,1.000000,0.028301,0.000043,0.938952
1444,0.000011,0.725987,0.455506,0.000903,0.982374
1445,1.000000,0.397875,1.000000,0.000000,0.999990
1446,0.999998,0.000010,1.000000,0.999991,0.000036
1447,0.093930,0.999988,0.113174,0.003142,1.000000
1448,0.999830,0.000000,0.999325,0.928959,0.762353
1449,0.213704,0.013940,0.002147,0.878925,0.881406
1450,0.000032,1.000000,0.999999,0.022781,0.000190
1451,0.000001,1.000000,0.000000,0.000001,0.999946
1452,0.008307,0.999918,0.999996,0.901633,0.968284
1453,0.999996,0.191250,0.999957,0.999998,0.997792
1454,1.000000,0.000331,0.999235,0.999995,0.000001
1455,0.000002,0.000001,0.049746,0.000005,0.001163
1456,0.000023,0.005778,0.000000,0.744318,0.006295
1457,1.000000,0.000000,0.891579,0.994347,0.002670
1458,0.999969,1.000000,0.998498,0.000000,0.000020
1459,0.999881,0.969048,0.000001,0.997563,1.000000
1460,0.236520,0.965963,0.150495,0.000495,0.991229
1461,1.000000,0.000000,0.993646,0.999700,0.997217
1462,1.000000,0.339145,0.000131,0.002204,0.002317
1463,0.999999,0.000034,1.000000,0.998945,0.000013
1464,1.000000,0.000458,0.996580,0.032249,0.999497
1465,0.568390,0.000161,0.999889,0.947007,0.991676
1466,1.000000,1.000000,0.999999,0.000003,0.000004
1467,1.000000,0.043664,0.969524,0.623650,0.000036
1468,0.999997,1.000000,0.999998,0.000000,0.000031
1469,0.378829,0.999973,0.999914,0.999042,0.004865
1470,0.000000,0.258101,0.000588,0.968687,0.999999
1471,0.999999,0.000029,0.999999,0.000885,0.999991
1472,0.997931,0.000000,0.006720,0.000185,0.000047
1473,0.010472,0.965802,0.000113,0.837563,0.000105
1474,0.000000,0.000003,0.726497,0.190708,0.017860
1475,0.001953,0.000000,0.999989,0.000001,0.223119
1476,0.000000,0.009288,0.002297,0.981244,0.045701
1477,0.999265,0.869791,0.510018,0.000001,0.080612
1478,0.847173,0.664077,0.997392,0.999999,0.000001
1479,0.000004,0.999817,0.870661,0.525934,0.994654
1480,0.999495,0.000009,0.496011,0.082654,0.868430
1481,0.997131,0.028545,0.003711,0.002009,0.000255
1482,0.000074,1.000000,0.175911,0.763077,0.000381
1483,0.977400,0.999814,0.999989,1.000000,0.000347
1484,0.000030,1.000000,0.016015,0.964943,0.004240
1485,0.999998,0.999999,0.999999,0.999972,0.396581
1486,0.540404,0.997821,0.999876,0.995202,0.063768
1487,0.985648,0.999999,0.999999,0.000147,0.999921
1488,1.000000,0.999986,0.999889,0.999162,0.584808
1489,0.776943,1.000000,0.000000,0.001146,1.000000
1490,1.000000,0.000002,0.999994,0.176163,0.000005
1491,0.916506,0.496822,0.933955,0.992368,0.720486
1492,1.000000,0.365203,0.000210,0.896252,0.003557
1493,0.002338,0.000031,0.000000,0.000132,0.997740
1494,0.002338,0.000031,0.000000,0.000132,0.997740
1495,0.972061,0.098929,0.000922,0.000001,0.955613
1496,0.000000,1.000000,0.000000,0.000000,0.000070
1497,0.000074,0.999989,0.979926,0.988898,0.997122
1498,0.995055,0.999516,0.999947,0.997675,0.000005
1499,1.000000,0.000405,1.000000,0.999998,0.929211
1500,0.000187,1.000000,0.999992,0.000047,0.763493
1501,0.993927,0.044156,0.998641,1.000000,0.000185
1502,0.000005,0.000526,0.000000,0.000001,0.023095
1503,0.170231,0.999992,0.999196,0.000669,0.910299
1504,1.000000,0.000000,0.998545,0.980079,0.783507
1505,0.993951,0.465653,0.215779,0.108121,0.000672
1506,1.000000,0.012459,1.000000,0.999989,0.000132
1507,0.021897,1.000000,0.965102,0.000000,0.999419
1508,0.955392,0.004781,1.000000,0.000004,0.869307
1509,0.000047,1.000000,0.003698,0.354101,0.999985
1510,1.000000,1.000000,0.001117,0.999822,0.997958
1511,0.001343,1.000000,0.000013,0.017294,1.000000
1512,0.061348,0.000307,0.940913,0.898376,0.999676
1513,0.999316,0.734504,0.000164,0.998851,1.000000
1514,0.000000,0.999997,0.663494,0.000159,0.000340
1515,0.000000,1.000000,0.019122,0.000018,0.419281
1516,1.000000,0.690345,1.000000,1.000000,0.661385
1517,1.000000,0.690345,1.000000,1.000000,0.661385
1518,0.998497,0.950149,0.893193,1.000000,0.009163
1519,0.998497,0.950149,0.893193,1.000000,0.009163
1520,0.000279,0.998704,0.000004,0.000035,0.372315
1521,0.999998,0.007178,0.998919,0.999962,0.000000
1522,0.142175,0.011595,0.999999,0.207150,0.121824
1523,0.000038,0.000679,0.000000,0.000039,0.008804
1524,0.000038,0.000679,0.000000,0.000039,0.008804
1525,1.000000,0.923943,0.999999,0.999576,0.008950
1526,0.805499,0.999987,0.999997,0.999944,0.000022
1527,0.999953,0.994301,0.869446,0.940494,0.999998
1528,0.895125,0.779913,0.999761,0.999583,0.999083
1529,0.999992,0.999662,0.000001,0.000676,0.999783
1530,0.999993,0.119968,0.999295,0.000001,0.000002
1531,1.000000,0.971374,0.999993,0.999989,0.000007
1532,0.999969,0.000026,0.855357,0.003933,0.000492
1533,1.000000,0.000000,0.999949,0.024225,0.999983
1534,1.000000,0.065666,1.000000,0.000001,0.980473
1535,1.000000,0.011067,1.000000,0.000042,0.868063
1536,1.000000,0.000000,0.005341,0.482960,0.039148
1537,1.000000,0.000000,0.005341,0.482960,0.039148
1538,0.999796,0.000000,0.000006,0.000820,0.350512
1539,0.000216,0.918339,0.301473,0.003002,0.999954
1540,0.000009,1.000000,0.000000,0.000000,1.000000
1541,1.000000,0.000217,0.999766,0.999952,0.943885
1542,0.999952,1.000000,0.958300,0.999998,0.997875
1543,1.000000,0.163885,0.996866,1.000000,0.007020
1544,0.000012,0.999985,0.076926,0.629132,0.999981
1545,0.000012,0.999985,0.076926,0.629132,0.999981
1546,0.999129,0.999965,0.999889,0.999991,0.999504
1547,0.000000,0.000077,1.000000,0.999999,0.000001
1548,0.999996,0.000531,0.242610,0.994010,0.374941
1549,0.999996,0.000531,0.242610,0.994010,0.374941
1550,0.000000,1.000000,0.055682,0.760765,0.999823
1551,0.000000,1.000000,0.000000,0.000000,1.000000
1552,0.000000,1.000000,0.000000,0.000000,1.000000
1553,0.962926,0.996833,0.000216,0.000159,0.999373
1554,0.000007,0.534679,0.000001,0.170329,0.065255
1555,0.979685,1.000000,0.993363,0.999900,0.997920
1556,0.999559,0.000000,1.000000,0.000003,0.000006
1557,0.993211,0.254493,0.014379,0.000032,0.999987
1558,0.999602,0.013445,1.000000,0.055723,0.990976
1559,1.000000,0.325368,1.000000,0.778467,0.000002
1560,0.000138,0.000008,0.000035,0.004709,0.167500
1561,0.999879,0.999088,0.999976,0.382937,0.999215
1562,0.000000,0.999999,0.001888,0.997490,0.000025
1563,0.000530,0.178652,0.990589,0.002556,0.997478
1564,0.999755,0.000000,0.288502,0.000029,0.000000
1565,1.000000,0.000000,1.000000,0.999987,0.995505
1566,0.065826,0.001335,0.093386,0.002572,0.988626
1567,0.999486,0.820372,0.818277,0.000001,0.991997
1568,0.000025,0.990287,0.904397,0.050783,0.000027
1569,0.999960,0.649534,0.996249,0.810363,0.000238
1570,0.033570,0.998505,0.999410,0.117331,0.208028
1571,0.046946,0.970966,0.410194,0.217468,0.996370
1572,1.000000,0.999981,0.971643,0.052596,0.273183
1573,0.135747,0.997922,0.000004,0.999890,0.906614
1574,0.989507,0.999999,0.010331,0.096371,0.999584
1575,0.000035,0.000063,0.928081,0.574249,0.025790
1576,1.000000,0.999882,0.998496,0.999963,0.241463
1577,0.999818,0.780617,0.947460,0.998689,0.218837
1578,0.003399,0.981053,0.999453,0.036532,0.991299
1579,0.999977,0.961910,0.002651,0.005354,0.005701
1580,0.926673,0.999989,0.965076,0.999828,0.000026
1581,0.003391,0.999974,0.083786,0.029090,0.090220
1582,0.000176,0.934074,0.999995,0.037803,0.695099
1583,1.000000,0.000000,0.999999,0.972964,0.020946
1584,0.523660,0.000022,0.011778,0.999434,0.999454
1585,0.999911,0.900923,1.000000,0.999977,0.000086
1586,0.003111,1.000000,0.000000,0.000023,0.963473
1587,0.097530,0.000000,0.639507,0.982387,0.771966
1588,0.000000,0.995434,0.000000,0.000068,0.962499
1589,1.000000,0.000017,0.999953,0.998630,0.982328
1590,0.561977,0.995003,0.965946,0.835186,0.999983
1591,0.000001,1.000000,0.010520,0.029737,0.039576
1592,0.999993,0.001823,0.997874,1.000000,0.991502
1593,0.059231,0.968969,0.999838,0.359447,0.207758
1594,0.009404,0.970781,0.003435,0.999713,0.509079
1595,0.000683,0.000000,0.808781,0.101663,1.000000
1596,0.999980,0.999011,0.117178,0.000366,0.000166
1597,0.999421,0.095150,0.999997,0.006997,0.004174
1598,0.007188,1.000000,0.004578,0.000167,0.955731
1599,0.998095,0.000000,0.000002,0.000109,0.823048
1600,1.000000,0.000000,0.999996,0.999479,0.000093
1601,0.029981,0.991200,0.967030,0.996138,0.000003
1602,0.987077,0.000507,0.548472,1.000000,0.007252
1603,0.999600,0.990391,0.160380,0.999994,0.640542
1604,0.000064,0.002760,0.000120,0.016803,0.024226
1605,0.000000,0.000039,0.000074,0.000007,0.005011
1606,0.000000,0.989541,0.000001,1.000000,0.004955
1607,0.999999,0.025546,0.991315,0.999997,0.736272
1608,0.999870,0.013470,0.999913,1.000000,0.974952
1609,0.949579,0.000001,0.999961,0.999935,0.128233
1610,0.989283,0.997793,0.999997,0.978027,0.689599
1611,0.978701,0.999875,1.000000,0.940284,0.060114
1612,0.000552,1.000000,0.000011,0.000822,0.219682
1613,0.614675,0.000096,0.002238,0.032883,0.008543
1614,1.000000,0.946254,0.999997,0.580818,0.779751
1615,0.010449,0.068296,0.032668,0.999349,0.006431
1616,0.000001,0.572518,0.977649,0.972188,0.000839
1617,0.999998,0.995758,0.999987,0.995206,0.999967
1618,0.467355,0.999998,0.769934,0.000293,0.989574
1619,0.778307,0.116048,0.998773,0.998499,0.630370
1620,1.000000,0.020972,0.999751,0.999997,0.996211
1621,0.931961,0.894685,0.999999,0.999968,0.412989
1622,0.984219,0.686488,0.999989,0.999714,0.000353
1623,1.000000,0.013755,1.000000,0.171749,0.999880
1624,0.986790,0.000143,0.997624,0.727212,0.235802
1625,0.998820,0.043877,0.030969,0.002656,0.504585
1626,0.000285,0.926683,0.205368,0.878089,0.999990
1627,0.853297,0.594320,0.912533,0.974859,0.809129
1628,0.000000,1.000000,0.000000,0.000000,0.999998
1629,0.997673,0.000563,0.537444,0.058613,0.998768
1630,0.000000,0.693954,0.372537,0.005825,0.928555
1631,0.083644,0.220411,0.999751,0.991405,0.000085
1632,0.000007,0.997289,0.999997,0.291397,0.890789
1633,0.004485,0.996532,0.018351,0.960620,0.954047
1634,0.704497,0.937952,0.000033,0.931317,0.994026
1635,0.000000,1.000000,0.020553,0.000000,0.000120
1636,0.958286,1.000000,0.384402,0.980305,0.000682
1637,0.992326,0.000005,0.999999,0.884624,0.009650
1638,0.434991,0.997790,0.999999,0.998695,0.003994
1639,0.000000,0.000000,0.000000,0.005218,0.999871
1640,1.000000,0.000000,0.997334,0.000489,0.020762
1641,0.983736,0.984819,0.968376,0.000585,0.035362
1642,0.969463,1.000000,0.990090,0.017678,0.999155
1643,0.999874,0.999939,0.996833,0.804731,0.456535
1644,0.992446,0.999996,0.999995,0.982684,0.999999
1645,0.101908,0.002584,0.998803,0.000001,0.000004
1646,1.000000,0.166458,0.999991,0.000234,1.000000
1647,0.030947,0.000005,0.956816,0.000036,0.000691
1648,1.000000,0.000025,0.999887,0.999817,0.000006
1649,1.000000,0.003001,0.998662,0.993153,0.001150
1650,0.041612,0.949354,0.000015,0.000000,0.000337
1651,0.041612,0.949354,0.000015,0.000000,0.000337
1652,0.313113,0.999983,0.888344,0.038225,0.000002
1653,0.999981,0.001231,1.000000,0.999991,0.000003
1654,1.000000,0.000047,0.999845,0.243022,0.997496
1655,0.079286,1.000000,0.000056,0.002666,0.008259
1656,0.000000,0.999980,0.000000,0.000021,0.749397
1657,0.999999,0.000808,0.000127,0.999997,0.001615
1658,0.000000,1.000000,0.000000,0.000000,0.998466
1659,1.000000,0.000008,0.997914,0.000264,0.000014
1660,0.999922,0.999896,0.000000,0.000000,0.997963
1661,0.999981,1.000000,0.000001,0.989477,0.000000
1662,0.002539,1.000000,0.905085,0.098209,0.474575
1663,0.999997,0.000006,0.999568,0.999635,0.040435
1664,0.999908,0.000001,0.999971,0.015074,1.000000
1665,0.000020,0.998876,0.000009,0.000000,0.146390
1666,0.000000,0.999851,0.000000,0.767749,0.999900
1667,0.901190,0.000000,0.995383,0.000595,0.000172
1668,0.000000,0.041865,0.974048,0.000087,0.000034
1669,1.000000,0.000000,0.907362,0.190596,0.988512
1670,0.999722,0.003751,0.979451,0.806433,0.005983
1671,0.598205,0.999961,0.089049,0.297670,0.998214
1672,0.948542,0.704248,0.999993,0.001110,0.000775
1673,0.999915,0.521629,0.905246,0.187912,0.999928
1674,0.999997,0.476763,0.999818,0.000004,0.000000
1675,0.560181,0.137100,0.997696,0.999879,0.382157
1676,0.830557,0.006100,0.716592,0.999686,0.014035
1677,0.999988,0.696737,0.385909,0.999816,0.027559
1678,0.054092,0.663395,0.178673,0.183240,0.429435
1679,0.999996,0.999907,0.001750,0.999177,0.415560
1680,0.000615,0.992381,0.000600,0.999999,0.928311
1681,0.999934,0.000007,0.999979,0.926611,0.000021
1682,0.000000,1.000000,0.002011,0.000127,0.975881
1683,0.999999,0.521783,0.000510,0.950212,0.208436
1684,0.000245,0.962000,0.000000,0.000114,0.173050
1685,0.000000,0.000000,0.000000,0.129996,1.000000
1686,1.000000,0.999989,0.018915,0.000004,1.000000
1687,0.000000,0.000594,0.000001,0.999993,0.000215
1688,0.999994,0.999551,1.000000,0.999749,0.006377
1689,1.000000,0.000158,0.133982,0.000017,0.000080
1690,0.000000,0.987043,0.997215,0.945417,1.000000
1691,0.853810,0.999992,0.999873,0.001048,0.005823
1692,0.999986,0.000901,0.999471,0.828973,0.000082
1693,0.999979,0.005107,0.999881,0.829184,0.052621
1694,1.000000,0.000666,1.000000,0.185971,0.005315
1695,1.000000,0.999959,1.000000,0.000048,0.230851
1696,0.000677,0.580185,0.000000,0.012504,0.127621
1697,0.105753,0.001383,1.000000,0.101044,0.000013
1698,0.999997,0.000547,0.996262,0.020473,0.000001
1699,0.044778,0.025469,0.547979,0.687456,0.001900
1700,1.000000,0.000133,1.000000,0.959444,0.008127
1701,0.911076,0.999991,1.000000,0.000000,1.000000
1702,0.000000,0.349340,0.000000,0.000018,0.750471
1703,1.000000,0.003652,0.999997,0.997150,0.998741
1704,0.999235,0.000001,0.987761,0.927206,0.000002
1705,0.632937,0.999996,0.998633,0.000060,0.999985
1706,0.000738,0.999975,0.000000,0.000232,0.997278
1707,1.000000,0.000000,0.000086,0.999999,0.059215
1708,0.000002,0.000000,0.246036,0.000001,0.000181
1709,1.000000,0.000889,0.999784,0.000007,0.000825
1710,0.000013,0.972015,0.274595,0.051201,0.000044
1711,0.000071,0.999710,0.000973,0.825595,0.001289
1712,1.000000,0.003593,1.000000,1.000000,0.972044
1713,0.993086,0.733590,0.047980,0.799506,0.840865
1714,0.999740,0.972189,1.000000,0.995678,0.001962
1715,0.172712,0.986299,0.375262,0.000055,0.001614
1716,0.000952,0.999999,0.681350,0.999928,0.999551
1717,0.000004,0.000055,0.000000,0.908190,0.999981
1718,0.003044,0.003808,0.999953,0.999988,0.000009
1719,0.999979,0.998959,1.000000,0.459800,0.000000
1720,0.002707,0.002265,0.000009,0.997950,0.994121
1721,0.000553,1.000000,0.905656,0.886358,0.088555
1722,0.978974,0.999999,0.999695,0.745043,0.000002
1723,0.004903,0.864587,0.940844,0.838125,0.911717
1724,0.000000,1.000000,0.000005,0.241505,0.999878
1725,0.017948,0.067206,0.999637,0.999998,0.000181
1726,0.000000,0.000000,0.844402,0.000011,0.000105
1727,0.000389,0.995157,0.999780,0.999989,0.993085
1728,0.000000,0.999801,0.191173,0.982235,0.379418
1729,0.000030,0.203578,0.000191,0.794919,0.244477
1730,0.999999,0.000000,1.000000,0.000189,0.001433
1731,0.999950,0.000003,0.000189,0.965754,0.004193
1732,0.720724,0.926684,0.999865,0.011760,0.996347
1733,0.363902,0.000387,0.976329,0.953479,0.098351
1734,0.307712,0.000000,0.000063,0.000025,0.000003
1735,0.998716,0.872449,0.998657,0.998671,0.845535
1736,0.009255,0.120341,1.000000,0.000036,0.132541
1737,0.000000,0.694633,0.000072,0.994868,0.987730
1738,0.000000,0.215795,0.002396,0.000430,0.001439
1739,0.000253,0.078022,0.000736,0.000283,0.980206
1740,0.000233,0.000103,0.999984,1.000000,0.000003
1741,0.000000,0.999980,0.997024,0.931144,0.944462
1742,0.999960,0.000010,0.999881,0.698447,0.049925
1743,0.006552,0.999997,0.978001,0.092021,0.101109
1744,0.000000,0.000005,0.000041,0.903264,0.209662
1745,0.000013,1.000000,0.816385,0.215315,0.999952
1746,0.973021,0.000043,0.999994,0.000124,0.000397
1747,0.000000,0.999999,0.000000,0.000000,0.967758
1748,0.992746,0.318205,0.092289,0.999989,0.999993
1749,0.000000,0.999999,0.000000,0.001370,0.999113
1750,0.999999,0.998253,0.999873,0.996215,0.105160
1751,0.932496,0.968632,0.000678,0.355975,0.015174
1752,0.000000,0.999998,0.000001,0.959520,0.498640
1753,0.000049,0.014070,0.997196,0.000014,0.979309
1754,0.788357,0.026362,0.999795,0.999991,0.403806
1755,0.000000,0.999776,0.004486,0.990026,0.368544
1756,0.998395,0.000000,0.979573,0.981930,0.963074
1757,0.999694,0.996647,0.000128,0.999785,0.000157
1758,0.998634,1.000000,0.999994,0.999728,0.000323
1759,1.000000,0.694347,0.999999,0.049594,0.002300
1760,0.000000,0.999185,0.000115,0.997609,0.800046
1761,0.842496,0.000017,0.033511,0.992757,0.161678
1762,0.000004,0.002092,0.000071,0.000064,0.435949
1763,0.967281,0.999987,0.998915,0.999999,0.460648
1764,0.999998,0.000000,0.000535,0.102862,0.960028
1765,0.000000,0.712643,0.000045,0.507197,0.000638
1766,0.999909,0.986161,0.000106,0.987614,0.065754
1767,0.999972,0.011882,0.005667,1.000000,0.794003
1768,0.855471,0.954818,0.999930,0.999940,0.671397
1769,0.000133,0.037859,0.209678,0.997234,0.049571
1770,0.497651,0.911066,0.998534,0.749688,0.430888
1771,0.000122,0.000352,0.000001,0.000244,0.999992
1772,0.000014,1.000000,0.000464,0.116841,0.000011
1773,0.227070,0.000025,0.972394,0.997636,0.000880
1774,0.002260,0.014255,0.000004,0.000007,0.986864
1775,0.000227,0.999796,0.998290,0.003109,0.583695
1776,0.000000,0.998518,0.000000,0.000347,0.920585
1777,0.000247,0.999346,0.000189,0.532270,0.750135
1778,0.999998,0.692854,0.991426,0.999447,0.999874
1779,0.000003,1.000000,0.459345,0.999919,0.609709
1780,0.998673,0.002182,0.000961,0.024795,0.997009
1781,0.003201,1.000000,0.000766,0.000015,0.770210
1782,0.082978,0.571990,0.567947,0.946144,0.005377
1783,0.097608,1.000000,0.040655,0.000018,1.000000
1784,1.000000,0.864669,0.999997,0.999962,0.000137
1785,0.984041,0.000000,0.118248,0.052105,0.001714
1786,0.999601,0.161996,1.000000,0.997892,0.953724
1787,0.001667,0.975908,0.999988,1.000000,0.127582
1788,0.939668,0.989655,0.246521,0.000180,0.000115
1789,0.001362,1.000000,0.000066,0.000000,1.000000
1790,0.998632,0.906873,0.315680,0.999853,0.618252
1791,0.999579,0.000001,0.999996,0.064377,0.000080
1792,0.000096,0.999915,0.999056,0.216918,0.000012
1793,0.999975,0.999998,0.999978,0.994602,0.999884
1794,0.000023,0.999998,0.000892,0.444905,0.999999
1795,0.149492,0.999819,0.001482,0.999961,0.920941
1796,1.000000,0.000000,0.000038,0.005325,0.000701
1797,0.999872,0.004068,0.989283,0.000113,0.025001
1798,0.000000,1.000000,0.000000,0.787675,0.999257
1799,0.771366,0.000287,0.833958,0.322191,0.446363
1800,0.999971,0.066025,0.999993,0.999941,0.004318
1801,0.430715,0.000047,0.994671,0.999662,0.011144
1802,0.999136,0.999999,0.999999,0.998929,0.018742
1803,0.000164,0.000759,0.015943,0.999998,0.998748
1804,0.999958,0.998931,0.999940,0.999721,0.999973
1805,0.000000,0.948358,0.007323,0.000568,0.000000
1806,0.994708,0.000110,0.026250,1.000000,0.967460
1807,0.001620,0.999437,0.000007,0.000002,0.999999
1808,0.999782,0.973684,0.997770,0.075553,0.000006
1809,0.000000,0.998770,0.999277,0.029853,0.000002
1810,0.115290,0.999991,0.787522,0.000356,0.289807
1811,0.000000,0.576426,0.761745,0.344897,0.000541
1812,0.999987,0.053560,0.999909,0.972508,0.998836
1813,0.011090,0.000002,0.101714,0.999970,0.188208
1814,0.000030,1.000000,0.999924,0.180968,0.999970
1815,0.015828,0.897973,0.003025,0.503235,0.957877
1816,0.000920,1.000000,0.153363,0.847723,0.000016
1817,0.925344,1.000000,0.999920,0.970860,0.002678
1818,0.000030,0.999986,0.001344,0.995113,0.986044
1819,0.000030,0.999986,0.001344,0.995113,0.986044
1820,0.000000,0.995082,0.000000,0.000009,0.006103
1821,0.008946,0.992285,1.000000,0.000005,0.013130
1822,0.000000,0.999970,0.000001,0.999999,0.965338
1823,0.000000,0.000001,0.000000,0.032812,0.000012
1824,0.007014,0.958470,0.579062,0.999941,0.251289
1825,0.000000,0.922930,0.002475,0.046766,0.000002
1826,0.000016,0.999918,0.992483,0.001252,0.047717
1827,0.000000,0.000003,0.020080,0.999994,0.793574
1828,0.977647,0.999898,1.000000,0.999863,0.000000
1829,0.087709,0.000029,0.999675,1.000000,0.000001
1830,0.000000,1.000000,0.993100,0.000279,0.223126
1831,0.999998,0.000072,0.999562,0.999333,0.999949
1832,0.017143,0.000983,0.928883,0.999996,0.840019
1833,0.000320,0.201329,0.035148,0.000001,0.491526
1834,0.000000,1.000000,0.994328,0.124176,0.295817
1835,1.000000,0.005345,0.183339,0.999996,0.999958
1836,0.999757,1.000000,0.999994,0.996598,0.986487
1837,0.998668,0.000000,0.000002,0.120339,0.998094
1838,0.999889,0.000280,0.999995,0.999954,0.071814
1839,0.995510,0.077176,0.999998,0.999895,0.000280
1840,0.000013,0.000000,0.000402,0.979316,0.000029
1841,0.000716,0.519192,0.000690,0.999842,0.084884
1842,0.001267,0.001583,0.999985,0.999979,0.001501
1843,0.000000,0.001788,0.000000,0.823598,0.999993
1844,1.000000,0.999935,0.506684,0.999999,0.018579
1845,0.000066,0.000000,0.000001,0.998826,0.550303
1846,0.000000,0.000000,0.000000,0.000158,0.013691
1847,0.999952,0.981156,0.922807,0.999999,0.981223
1848,0.874729,0.974872,0.949985,0.999999,0.001599
1849,0.000015,0.784374,0.053264,0.998237,0.000004
1850,0.945446,0.000000,0.722776,0.021868,0.000015
1851,0.003479,0.283964,0.957834,0.999155,0.003342
1852,0.000000,0.894545,0.000000,0.026261,0.001280
1853,0.000000,0.999997,0.000001,0.000002,0.993684
1854,0.000000,0.000038,0.000767,0.001729,0.980623
1855,0.169352,0.999860,0.703644,0.999995,0.374796
1856,0.000009,0.999989,0.998609,0.000378,0.074288
1857,0.000000,0.999739,0.000011,0.988264,0.001410
1858,0.920687,0.000006,0.999615,0.999911,0.000000
1859,0.999818,0.000007,0.859311,0.494869,0.000009
1860,0.000433,0.000006,0.000026,0.000377,0.002735
1861,0.904526,0.996798,0.182525,0.995212,0.000016
1862,0.087433,0.964457,0.999996,0.289967,0.001077
1863,0.042607,0.000001,0.824075,0.994577,0.000115
1864,1.000000,0.000001,0.838037,0.962324,0.002346
1865,0.110426,0.450580,0.999881,0.949891,0.999218
1866,0.998927,0.996446,0.970288,0.001433,0.219320
1867,1.000000,0.000011,0.998033,0.999888,0.000017
1868,0.998279,0.000361,0.999991,0.999991,0.002137
1869,0.442538,0.002083,0.999482,0.999996,0.000308
1870,1.000000,0.000200,1.000000,0.319954,0.626982
1871,0.999954,0.000002,0.994568,0.004973,0.011179
1872,0.039126,0.366645,0.008686,0.855208,0.999124
1873,0.130583,0.995750,0.325381,0.999942,0.080544
1874,0.193214,0.999129,1.000000,0.073066,0.770648
1875,0.135058,0.000000,0.993986,0.998232,0.008676
1876,0.001221,0.987953,0.999047,0.048480,0.050615
1877,0.000001,0.686364,0.931029,0.000169,0.000058
1878,0.000000,0.016411,0.000004,0.803824,0.003513
1879,0.000000,0.999993,0.000116,0.508703,1.000000
1880,0.006227,0.999981,0.006615,0.000167,0.453030
1881,0.000000,0.000024,0.000000,0.138878,0.000387
1882,0.645627,0.984133,0.924727,0.998539,0.920152
1883,0.023183,0.960010,0.148511,0.999729,0.002327
1884,0.000605,0.003321,0.000154,0.999996,0.141252
1885,0.966634,0.002136,0.132899,0.000001,0.000024
1886,0.000007,0.015899,0.104245,0.999179,0.000544
1887,0.174162,0.123152,0.999700,0.999895,0.991399
1888,0.998723,0.000029,0.997514,0.754119,0.000253
1889,0.000000,0.000013,0.000002,0.000083,0.999987
1890,0.000423,0.682686,0.000025,1.000000,0.653834
1891,0.000005,1.000000,0.000599,0.883019,0.168550
1892,0.651435,1.000000,0.003778,0.994481,0.763920
1893,0.539215,0.000880,0.979860,0.999891,0.999384
1894,0.000422,0.032531,0.329993,0.013631,0.999991
1895,0.999761,1.000000,0.998969,0.963201,0.697563
1896,0.000120,0.998535,0.999711,0.194818,0.044892
1897,0.992388,0.618243,0.998420,0.875267,0.003559
1898,0.542900,0.074571,0.040678,0.970928,0.822560
1899,0.979622,0.999316,0.999937,1.000000,0.875195
1900,0.986798,1.000000,0.999999,1.000000,0.653105
1901,0.999992,0.003016,0.999999,1.000000,0.009246
1902,0.984314,0.953861,0.000005,0.000033,0.995550
1903,0.999969,0.999660,0.999513,0.998338,0.993709
1904,0.013119,0.000002,1.000000,0.999968,0.001117
1905,0.037659,0.447296,0.022523,0.000070,0.974655
1906,0.908080,0.026698,0.714994,0.000529,0.007006
1907,0.000000,1.000000,0.005174,0.997544,0.001226
1908,0.045483,0.982027,0.463679,0.999977,0.000090
1909,0.041937,0.999995,0.999684,0.851290,0.999960
1910,0.000869,0.001179,0.087242,0.999991,0.010236
1911,0.999995,0.998523,0.999996,0.999951,0.857331
1912,0.999692,0.000000,0.000096,0.999906,0.037940
1913,0.025972,0.000001,0.000009,0.000002,0.000024
1914,0.958668,0.994040,0.000182,0.999984,0.999984
1915,0.982061,0.998714,0.000000,0.001267,0.623419
1916,0.037306,0.000003,0.003301,0.999991,0.112080
1917,0.000000,1.000000,0.805466,0.058074,0.000003
1918,0.879206,0.999987,0.002596,0.996127,0.851503
1919,0.000252,0.212808,0.000001,0.023646,0.828705
1920,0.021607,0.000000,0.017845,0.845947,0.997500
1921,0.768169,1.000000,0.966689,0.626463,0.999999
1922,0.000309,0.997642,0.999692,0.680693,0.029370
1923,0.021607,0.000000,0.017845,0.845947,0.997500
1924,0.999989,0.000730,0.866126,0.186292,0.175023
1925,0.999942,0.000009,0.996522,0.919168,0.076941
1926,0.981769,0.918482,0.999978,0.953167,0.006790
1927,1.000000,0.000000,0.998929,0.233318,0.145864
1928,0.903925,0.000009,0.998494,0.950748,0.134220
1929,0.000006,0.617272,0.000053,0.867194,0.999777
1930,0.000000,0.074651,0.999984,0.988511,0.000972
1931,0.999313,0.000150,0.999991,0.999952,0.998679
1932,0.999966,1.000000,0.305537,0.999989,0.648031
1933,1.000000,0.000208,0.999848,0.999996,0.067025
1934,0.000011,1.000000,0.999992,1.000000,0.941756
1935,0.998086,0.000282,1.000000,0.999144,0.612077
1936,0.000017,0.037269,0.000649,0.999078,0.129865
1937,0.999606,0.952671,0.999961,0.995585,0.002715
1938,1.000000,0.953775,0.190854,0.983302,0.991405
1939,0.997716,0.999981,0.015113,0.998757,0.998931
1940,0.487247,0.999369,0.002588,0.000753,0.993815
1941,0.000000,0.999996,0.000219,0.002971,0.999997
1942,0.590093,1.000000,0.995757,0.000002,0.999812
1943,1.000000,0.000000,0.999995,0.662451,0.448298
1944,0.000000,0.000000,0.001534,0.015713,0.000166
1945,0.002057,0.873114,0.000000,0.999458,1.000000
1946,0.000616,0.999999,0.000000,0.000001,0.999999
1947,0.999668,0.054750,1.000000,0.000210,0.995905
1948,0.000001,1.000000,0.056404,0.116806,0.270666
1949,1.000000,0.002359,0.000585,0.999998,0.999999
1950,0.034492,0.000000,0.000002,0.000002,0.001057
1951,0.241144,1.000000,0.002941,0.999946,0.959706
1952,0.100293,0.239199,0.000044,0.000002,0.608253
1953,0.000003,0.999918,0.000022,0.091483,0.999037
1954,1.000000,0.000009,0.999977,0.718476,0.933858
1955,0.994741,0.002439,0.988867,1.000000,0.999998
1956,0.510465,1.000000,0.999637,0.000002,0.000190
1957,0.000001,0.289822,0.000004,0.000000,1.000000
1958,0.999859,0.852481,0.974393,1.000000,0.302402
1959,1.000000,0.000000,0.999984,0.462113,0.000363
1960,0.228456,0.021713,0.999983,0.869774,0.055386
1961,1.000000,0.721212,0.999684,0.998757,0.000552
1962,1.000000,0.000000,0.999986,1.000000,0.182305
1963,0.052157,0.936020,0.000150,0.110129,0.034635
1964,0.999999,0.083550,0.997718,0.999991,0.000007
1965,0.000000,1.000000,0.000004,0.000109,0.000827
1966,0.000026,0.999931,0.086665,0.999691,0.989476
1967,0.000580,0.972733,0.501036,0.999682,0.035254
1968,0.000000,0.992795,0.009677,0.001396,0.039402
1969,1.000000,0.999070,0.983950,0.998291,0.988444
1970,0.000000,0.250688,0.013310,0.000000,0.021702
1971,0.000045,0.988554,0.061158,0.152313,0.001754
1972,0.000220,0.999999,0.000003,0.999872,0.894844
1973,0.000014,0.992817,0.999791,0.303268,0.987949
1974,0.999997,0.000000,0.999938,0.148617,0.714505
1975,0.999999,0.000252,0.999998,1.000000,0.042055
1976,0.184023,0.002453,0.999987,0.004458,0.000635
1977,1.000000,0.000000,0.000083,0.999191,0.011588
1978,0.999874,0.000000,0.964661,0.779513,0.439698
1979,0.000533,0.000015,1.000000,0.999962,0.017667
1980,0.000000,0.000020,0.480054,0.771833,0.003745
1981,0.002743,0.000109,0.051862,0.000023,0.000047
1982,0.002743,0.000109,0.051862,0.000023,0.000047
1983,0.002743,0.000109,0.051862,0.000023,0.000047
1984,1.000000,0.016274,0.952273,0.199141,0.918502
1985,0.000018,1.000000,0.000000,0.000998,0.369058
1986,0.991473,0.000010,1.000000,0.000179,0.990092
1987,0.000000,0.813380,0.001032,0.002572,0.000001
1988,0.001505,0.798386,0.024204,0.005206,0.946749
1989,0.987631,0.000000,0.997807,1.000000,0.999996
1990,0.000000,0.106247,0.000203,0.006890,0.004425
1991,1.000000,0.930612,0.999805,0.912843,0.000078
1992,0.999976,0.939753,0.310794,0.303179,0.000502
1993,0.016570,0.000181,0.997610,0.522642,0.000000
1994,0.001117,0.328863,0.000001,0.000033,0.840676
1995,0.001661,0.000000,0.998979,0.789889,0.010413
1996,0.012022,0.998423,0.984405,0.000006,0.001141
1997,0.000013,0.984660,0.999999,0.999933,0.016744
1998,1.000000,0.000024,0.996494,0.000008,0.602369
1999,0.999939,0.353627,0.991991,0.999953,0.045467
