Group num: 0, TC(X;Y_j): 1.498
blue_q30, 0.277, 1.000, 0.277
blue_q20, 0.262, 1.000, 0.262
blue_q10, 0.239, 1.000, 0.239
blue_q5, 0.230, 1.000, 0.230
blue_q0, 0.215, 1.000, 0.215
blue_q45, 0.190, 1.000, 0.190
blue_q15, 0.180, 1.000, 0.180
blue_q25, 0.157, 1.000, 0.157
blue_q40, 0.151, 1.000, 0.151
blue_q35, 0.133, 1.000, 0.133
red_q46, 0.074, 0.229, 0.017
red_q6, 0.102, 0.164, 0.017
red_q31, 0.092, 0.147, 0.013
red_q36, 0.030, 0.248, 0.007
q49, 0.032, 0.164, 0.005
red_q21, 0.033, 0.122, 0.004
q24, 0.021, 0.192, 0.004
red_q1, 0.022, 0.168, 0.004
q13, 0.015, 0.219, 0.003
red_q41, 0.028, 0.077, 0.002
q48, 0.028, 0.079, 0.002
red_q26, 0.012, 0.155, 0.002
red_q16, 0.019, 0.082, 0.002
q4, 0.007, 0.178, 0.001
q29, 0.016, 0.070, 0.001
q14, 0.012, 0.074, 0.001
q28, 0.012, 0.073, 0.001
q23, 0.010, 0.075, 0.001
q9, 0.011, 0.056, 0.001
q18, 0.010, 0.062, 0.001
q19, 0.006, 0.092, 0.001
q8, 0.012, 0.037, 0.000
q34, 0.005, 0.033, 0.000
q43, 0.009, 0.020, 0.000
q3, 0.009, 0.017, 0.000
q22, 0.004, 0.031, 0.000
q7, 0.005, 0.014, 0.000
q33, 0.003, 0.018, 0.000
q17, 0.005, 0.009, 0.000
q38, 0.004, 0.013, 0.000
Group num: 1, TC(X;Y_j): 1.376
q28, 0.258, 1.000, 0.258
q43, 0.258, 1.000, 0.258
q33, 0.236, 1.000, 0.236
q38, 0.235, 1.000, 0.235
q48, 0.222, 1.000, 0.222
q3, 0.219, 1.000, 0.219
q13, 0.146, 1.000, 0.146
q8, 0.122, 1.000, 0.122
q23, 0.121, 1.000, 0.121
q18, 0.068, 1.000, 0.068
q17, 0.041, 0.236, 0.010
red_q11, 0.014, 0.360, 0.005
blue_q10, 0.031, 0.085, 0.003
q44, 0.009, 0.180, 0.002
q9, 0.017, 0.084, 0.001
q19, 0.004, 0.215, 0.001
q37, 0.014, 0.063, 0.001
blue_q45, 0.010, 0.073, 0.001
red_q46, 0.012, 0.058, 0.001
blue_q15, 0.008, 0.087, 0.001
q27, 0.013, 0.039, 0.000
red_q31, 0.011, 0.040, 0.000
q34, 0.013, 0.033, 0.000
blue_q25, 0.008, 0.052, 0.000
blue_q0, 0.009, 0.046, 0.000
red_q1, 0.007, 0.062, 0.000
blue_q30, 0.011, 0.029, 0.000
blue_q20, 0.011, 0.025, 0.000
q24, 0.008, 0.032, 0.000
blue_q40, 0.005, 0.049, 0.000
red_q26, 0.003, 0.079, 0.000
q2, 0.004, 0.050, 0.000
red_q6, 0.007, 0.031, 0.000
q7, 0.004, 0.037, 0.000
q4, 0.004, 0.044, 0.000
q47, 0.003, 0.051, 0.000
blue_q5, 0.007, 0.022, 0.000
blue_q35, 0.004, 0.025, 0.000
q49, 0.003, 0.031, 0.000
q32, 0.002, 0.026, 0.000
q22, 0.003, 0.021, 0.000
Group num: 2, TC(X;Y_j): 1.226
red_q16, 0.227, 1.000, 0.227
red_q41, 0.226, 1.000, 0.226
red_q21, 0.208, 1.000, 0.208
red_q6, 0.187, 1.000, 0.187
red_q31, 0.180, 1.000, 0.180
red_q1, 0.169, 1.000, 0.169
red_q36, 0.152, 1.000, 0.152
red_q26, 0.143, 1.000, 0.143
red_q46, 0.137, 1.000, 0.137
red_q11, 0.023, 1.000, 0.023
blue_q20, 0.076, 0.150, 0.011
blue_q10, 0.076, 0.136, 0.010
blue_q25, 0.050, 0.205, 0.010
blue_q30, 0.060, 0.155, 0.009
blue_q5, 0.048, 0.168, 0.008
q12, 0.015, 0.331, 0.005
q29, 0.023, 0.222, 0.005
blue_q45, 0.029, 0.171, 0.005
q32, 0.015, 0.323, 0.005
q42, 0.018, 0.232, 0.004
blue_q0, 0.029, 0.136, 0.004
blue_q40, 0.024, 0.158, 0.004
q44, 0.014, 0.261, 0.004
q2, 0.014, 0.234, 0.003
q14, 0.015, 0.202, 0.003
blue_q15, 0.020, 0.154, 0.003
blue_q35, 0.012, 0.233, 0.003
q22, 0.029, 0.088, 0.003
q34, 0.008, 0.226, 0.002
q37, 0.017, 0.097, 0.002
q17, 0.012, 0.084, 0.001
q49, 0.018, 0.055, 0.001
q23, 0.004, 0.267, 0.001
q9, 0.006, 0.163, 0.001
q8, 0.008, 0.091, 0.001
q24, 0.010, 0.071, 0.001
q27, 0.009, 0.070, 0.001
q47, 0.005, 0.108, 0.001
q19, 0.012, 0.041, 0.000
q43, 0.008, 0.056, 0.000
q13, 0.008, 0.047, 0.000
q33, 0.009, 0.034, 0.000
q7, 0.002, 0.099, 0.000
q28, 0.011, 0.023, 0.000
q3, 0.002, 0.097, 0.000
q18, 0.009, 0.022, 0.000
q38, 0.006, 0.030, 0.000
q48, 0.007, 0.012, 0.000
Group num: 3, TC(X;Y_j): 1.113
q49, 0.251, 1.000, 0.251
q24, 0.210, 1.000, 0.210
q9, 0.204, 1.000, 0.204
q14, 0.175, 1.000, 0.175
q29, 0.168, 1.000, 0.168
q4, 0.161, 1.000, 0.161
q39, 0.139, 1.000, 0.139
q19, 0.135, 1.000, 0.135
q34, 0.129, 1.000, 0.129
q44, 0.078, 1.000, 0.078
blue_q25, 0.063, 0.132, 0.008
q47, 0.026, 0.304, 0.008
q8, 0.019, 0.269, 0.005
q18, 0.013, 0.328, 0.004
red_q46, 0.028, 0.149, 0.004
q37, 0.013, 0.296, 0.004
q7, 0.012, 0.334, 0.004
blue_q40, 0.024, 0.149, 0.004
q12, 0.029, 0.115, 0.003
red_q41, 0.017, 0.161, 0.003
q22, 0.010, 0.271, 0.003
q33, 0.012, 0.205, 0.003
q3, 0.011, 0.218, 0.002
q43, 0.011, 0.223, 0.002
q27, 0.012, 0.190, 0.002
q28, 0.012, 0.166, 0.002
blue_q15, 0.016, 0.110, 0.002
blue_q0, 0.015, 0.105, 0.002
red_q36, 0.014, 0.107, 0.001
red_q6, 0.018, 0.078, 0.001
blue_q45, 0.017, 0.080, 0.001
blue_q20, 0.024, 0.057, 0.001
q38, 0.017, 0.077, 0.001
blue_q5, 0.013, 0.090, 0.001
blue_q30, 0.014, 0.080, 0.001
red_q31, 0.013, 0.082, 0.001
q13, 0.008, 0.117, 0.001
q42, 0.009, 0.108, 0.001
blue_q35, 0.006, 0.137, 0.001
q48, 0.014, 0.044, 0.001
q2, 0.008, 0.075, 0.001
q23, 0.013, 0.046, 0.001
red_q21, 0.006, 0.091, 0.001
red_q16, 0.006, 0.082, 0.000
red_q1, 0.005, 0.102, 0.000
red_q26, 0.004, 0.125, 0.000
q32, 0.004, 0.095, 0.000
blue_q10, 0.010, 0.034, 0.000
q17, 0.009, 0.031, 0.000
red_q11, 0.002, 0.063, 0.000
Group num: 4, TC(X;Y_j): 0.888
q27, 0.213, 1.000, 0.213
q2, 0.180, 1.000, 0.180
q22, 0.169, 1.000, 0.169
q42, 0.162, 1.000, 0.162
q7, 0.141, 1.000, 0.141
q17, 0.138, 1.000, 0.138
q32, 0.109, 1.000, 0.109
q47, 0.095, 1.000, 0.095
q12, 0.094, 1.000, 0.094
q37, 0.077, 1.000, 0.077
q38, 0.029, 0.197, 0.006
q48, 0.021, 0.216, 0.005
red_q11, 0.016, 0.172, 0.003
q33, 0.027, 0.078, 0.002
q34, 0.018, 0.116, 0.002
q18, 0.009, 0.125, 0.001
q4, 0.003, 0.126, 0.000
q23, 0.009, 0.038, 0.000
q3, 0.007, 0.046, 0.000
q24, 0.005, 0.063, 0.000
q28, 0.016, 0.016, 0.000
red_q16, 0.003, 0.067, 0.000
q43, 0.006, 0.033, 0.000
red_q46, 0.008, 0.025, 0.000
red_q36, 0.004, 0.045, 0.000
red_q21, 0.006, 0.028, 0.000
blue_q35, 0.002, 0.083, 0.000
red_q6, 0.003, 0.051, 0.000
red_q41, 0.003, 0.049, 0.000
blue_q10, 0.005, 0.020, 0.000
red_q31, 0.005, 0.018, 0.000
blue_q5, 0.002, 0.048, 0.000
q39, 0.002, 0.042, 0.000
blue_q45, 0.002, 0.034, 0.000
q8, 0.002, 0.030, 0.000
red_q1, 0.003, 0.017, 0.000
q13, 0.002, 0.030, 0.000
q9, 0.001, 0.021, 0.000
