At layer: 0, Total TC: 2167.410
Individual TCS:[ 284.094  121.906  115.699   93.624   84.196   75.138   69.54    63.066   54.6     45.008   42.856   34.98    33.414   28.405   22.209   20.741   19.62    19.459   18.54    18.495   17.948   17.383
   17.333   17.204   16.575   16.157   16.109   15.64    15.553   14.857   14.653   14.342   14.114   12.925   12.848   12.812   12.767   12.434   12.265   11.861   11.792   11.6     11.447   11.21
   10.727   10.627   10.383   10.322   10.159   10.043   10.014    9.923    9.757    9.586    9.439    9.374    9.215    9.207    8.941    8.64     8.621    8.578    8.524    8.517    8.514    8.444
    8.425    8.4      8.347    8.271    8.25     8.215    8.145    7.921    7.395    7.216    7.167    7.114    7.039    7.024    7.02     6.783    6.773    6.729    6.649    6.623    6.606    6.605
    6.265    6.068    6.039    5.998    5.981    5.873    5.836    5.817    5.794    5.735    5.686    5.292    4.96     4.873    4.807    4.77     4.76     4.722    4.718    4.622    4.443    4.433
    4.152    3.454    3.359    3.32     3.3      3.188    3.142    3.046    2.859    2.843    2.768    2.708    2.426    2.313    2.305    2.283    2.275    2.119    2.076    1.914    1.89     1.866
    1.697    1.57     1.553    1.49     1.259    1.223    1.216    1.207    0.924    0.777    0.646    0.627    0.594    0.001   -0.      -0.      -0.      -0.001   -0.002   -0.002   -0.002   -0.002
   -0.002   -0.002   -0.002   -0.002   -0.002   -0.002   -0.002   -0.002   -0.002   -0.002   -0.002   -0.002   -0.002   -0.002   -0.002   -0.002   -0.002   -0.002   -0.002   -0.002   -0.003   -0.003
   -0.003   -0.003   -0.003   -0.003   -0.003   -0.003   -0.003   -0.003   -0.003   -0.003   -0.003   -0.003   -0.003   -0.003   -0.003   -0.003   -0.003   -0.003   -0.003   -0.003   -0.003   -0.003
   -0.003   -2.044]
At layer: 1, Total TC: 39.246
Individual TCS:[ 13.995   4.105   2.637   2.01    1.94    1.81    1.678   1.649   1.589   1.18    1.016   0.836   0.61    0.59    0.569   0.557   0.5     0.5     0.463   0.404   0.377   0.178   0.034   0.006   0.005
   0.004   0.003   0.002   0.     -0.   ]
At layer: 2, Total TC: 4.020
Individual TCS:[ 1.012  0.774  0.523  0.513  0.409  0.373  0.335  0.081]
At layer: 3, Total TC: 0.651
Individual TCS:[ 0.651]
